{
    "frame0": {
        "cam01": "[-0.17258 0 0.984996 0] [0.984996 0 0.17258 0] [-0 -1 -0 0] [0 0 0 1] ",
        "cam02": "[0.17258 0 0.984996 0] [0.984996 0 -0.17258 0] [-0 -1 -0 0] [0 0 -0 1] ",
        "cam03": "[0 0.086616 0.996242 0] [1 -0 -0 0] [-0 -0.996242 0.086616 0] [0 -0 -0 1] ",
        "cam04": "[0 -0.086616 0.996242 0] [1 0 0 0] [-0 -0.996242 -0.086616 0] [0 0 0 1] ",
        "cam05": "[0 0 1 0] [1 0 0 0] [-0 -1 -0 0] [0 0 -99.379997 1] ",
        "cam06": "[0 0 1 0] [1 0 0 0] [-0 -1 -0 0] [0 0 99.379997 1] ",
        "cam07": "[0 -0.123276 0.992373 0] [1 0 0 0] [-0 -0.992373 -0.123276 0] [0 49.310013 6.125466 1] ",
        "cam08": "[0 0.123276 0.992373 0] [1 0 0 0] [-0 -0.992373 0.123276 0] [0 -49.310013 6.125466 1] ",
        "cam09": "[-0.257211 0 0.966356 0] [0.966356 0 0.257211 0] [-0 -1 -0 0] [102.885941 0 -0.172405 1] ",
        "cam10": "[0.257211 0 0.966356 0] [0.966356 0 -0.257211 0] [-0 -1 -0 0] [-102.885941 0 -0.172405 1] "
    },
    "frame1": {
        "cam01": "[-0.168307 0 0.985735 0] [0.985735 0 0.168307 0] [-0 -1 -0 0] [0 0 0 1] ",
        "cam02": "[0.168307 0 0.985735 0] [0.985735 0 -0.168307 0] [-0 -1 -0 0] [0 0 -0 1] ",
        "cam03": "[0 0.084456 0.996427 0] [1 -0 -0 0] [-0 -0.996427 0.084456 0] [0 -0 -0 1] ",
        "cam04": "[0 -0.084456 0.996427 0] [1 0 0 0] [-0 -0.996427 -0.084456 0] [0 0 0 1] ",
        "cam05": "[0 0 1 0] [1 0 0 0] [-0 -1 -0 0] [0 0 -96.900002 1] ",
        "cam06": "[0 0 1 0] [1 0 0 0] [-0 -1 -0 0] [0 0 96.900002 1] ",
        "cam07": "[0 -0.120194 0.992751 0] [1 0 0 0] [-0 -0.992751 -0.120194 0] [0 48.077488 5.972357 1] ",
        "cam08": "[0 0.120194 0.992751 0] [1 0 0 0] [-0 -0.992751 0.120194 0] [0 -48.077488 5.972357 1] ",
        "cam09": "[-0.251194 0 0.967937 0] [0.967937 0 0.251194 0] [-0 -1 -0 0] [100.317047 0 -0.16283 1] ",
        "cam10": "[0.251194 0 0.967937 0] [0.967937 0 -0.251194 0] [-0 -1 -0 0] [-100.317047 0 -0.16283 1] "        
    },
    "frame2": {
        "cam01": "[-0.164031 0 0.986455 0] [0.986455 0 0.164031 0] [-0 -1 -0 0] [0 0 0 1] ",
        "cam02": "[0.164031 0 0.986455 0] [0.986455 0 -0.164031 0] [-0 -1 -0 0] [0 0 -0 1] ",
        "cam03": "[0 0.082295 0.996608 0] [1 -0 -0 0] [-0 -0.996608 0.082295 0] [0 -0 -0 1] ",
        "cam04": "[0 -0.082295 0.996608 0] [1 0 0 0] [-0 -0.996608 -0.082295 0] [0 0 0 1] ",
        "cam05": "[0 0 1 0] [1 0 0 0] [-0 -1 -0 0] [0 0 -94.410004 1] ",
        "cam06": "[0 0 1 0] [1 0 0 0] [-0 -1 -0 0] [0 0 94.410004 1] ",
        "cam07": "[0 -0.11711 0.99312 0] [1 0 0 0] [-0 -0.99312 -0.11711 0] [0 46.844959 5.819248 1] ",
        "cam08": "[0 0.11711 0.99312 0] [1 0 0 0] [-0 -0.99312 0.11711 0] [0 -46.844959 5.819248 1] ",
        "cam09": "[-0.245147 0 0.969486 0] [0.969486 0 0.245147 0] [-0 -1 -0 0] [97.741058 0 -0.165491 1] ",
        "cam10": "[0.245147 0 0.969486 0] [0.969486 0 -0.245147 0] [-0 -1 -0 0] [-97.741058 0 -0.165491 1] "
    },
    "frame3": {
        "cam01": "[-0.159752 0 0.987157 0] [0.987157 0 0.159752 0] [-0 -1 -0 0] [0 0 0 1] ",
        "cam02": "[0.159752 0 0.987157 0] [0.987157 0 -0.159752 0] [-0 -1 -0 0] [0 0 -0 1] ",
        "cam03": "[0 0.080134 0.996784 0] [1 -0 -0 0] [-0 -0.996784 0.080134 0] [0 -0 -0 1] ",
        "cam04": "[0 -0.080134 0.996784 0] [1 0 0 0] [-0 -0.996784 -0.080134 0] [0 0 0 1] ",
        "cam05": "[0 0 1 0] [1 0 0 0] [-0 -1 -0 0] [0 0 -91.93 1] ",
        "cam06": "[0 0 1 0] [1 0 0 0] [-0 -1 -0 0] [0 0 91.93 1] ",
        "cam07": "[0 -0.114025 0.993479 0] [1 0 0 0] [-0 -0.993479 -0.114025 0] [0 45.611443 5.666017 1] ",
        "cam08": "[0 0.114025 0.993479 0] [1 0 0 0] [-0 -0.993479 0.114025 0] [0 -45.611443 5.666017 1] ",
        "cam09": "[-0.239072 0 0.971002 0] [0.971002 0 0.239072 0] [-0 -1 -0 0] [95.172173 0 -0.155916 1] ",
        "cam10": "[0.239072 0 0.971002 0] [0.971002 0 -0.239072 0] [-0 -1 -0 0] [-95.172173 0 -0.155916 1] "
    },
    "frame4": {
        "cam01": "[-0.155471 0 0.987841 0] [0.987841 0 0.155471 0] [-0 -1 -0 0] [0 0 0 1] ",
        "cam02": "[0.155471 0 0.987841 0] [0.987841 0 -0.155471 0] [-0 -1 -0 0] [0 0 -0 1] ",
        "cam03": "[0 0.077973 0.996955 0] [1 -0 -0 0] [-0 -0.996955 0.077973 0] [0 -0 -0 1] ",
        "cam04": "[0 -0.077973 0.996955 0] [1 0 0 0] [-0 -0.996955 -0.077973 0] [0 0 0 1] ",
        "cam05": "[0 0 1 0] [1 0 0 0] [-0 -1 -0 0] [0 0 -89.440002 1] ",
        "cam06": "[0 0 1 0] [1 0 0 0] [-0 -1 -0 0] [0 0 89.440002 1] ",
        "cam07": "[0 -0.11094 0.993828 0] [1 0 0 0] [-0 -0.993828 -0.11094 0] [0 44.378914 5.512908 1] ",
        "cam08": "[0 0.11094 0.993828 0] [1 0 0 0] [-0 -0.993828 0.11094 0] [0 -44.378914 5.512908 1] ",
        "cam09": "[-0.232968 0 0.972484 0] [0.972484 0 0.232968 0] [-0 -1 -0 0] [92.596184 0 -0.158578 1] ",
        "cam10": "[0.232968 0 0.972484 0] [0.972484 0 -0.232968 0] [-0 -1 -0 0] [-92.596184 0 -0.158578 1] "
    },
    "frame5": {
        "cam01": "[-0.151185 0 0.988506 0] [0.988506 0 0.151185 0] [-0 -1 -0 0] [0 0 0 1] ",
        "cam02": "[0.151185 0 0.988506 0] [0.988506 0 -0.151185 0] [-0 -1 -0 0] [0 0 -0 1] ",
        "cam03": "[0 0.075811 0.997122 0] [1 -0 -0 0] [-0 -0.997122 0.075811 0] [0 -0 -0 1] ",
        "cam04": "[0 -0.075811 0.997122 0] [1 0 0 0] [-0 -0.997122 -0.075811 0] [0 0 0 1] ",
        "cam05": "[0 0 1 0] [1 0 0 0] [-0 -1 -0 0] [0 0 -86.959999 1] ",
        "cam06": "[0 0 1 0] [1 0 0 0] [-0 -1 -0 0] [0 0 86.959999 1] ",
        "cam07": "[0 -0.107854 0.994167 0] [1 0 0 0] [-0 -0.994167 -0.107854 0] [0 43.146385 5.359798 1] ",
        "cam08": "[0 0.107854 0.994167 0] [1 0 0 0] [-0 -0.994167 0.107854 0] [0 -43.146385 5.359798 1] ",
        "cam09": "[-0.226837 0 0.973933 0] [0.973933 0 0.226837 0] [-0 -1 -0 0] [90.02729 0 -0.149003 1] ",
        "cam10": "[0.226837 0 0.973933 0] [0.973933 0 -0.226837 0] [-0 -1 -0 0] [-90.02729 0 -0.149003 1] "
    },
    "frame6": {
        "cam01": "[-0.146898 0 0.989153 0] [0.989153 0 0.146898 0] [-0 -1 -0 0] [0 0 0 1] ",
        "cam02": "[0.146898 0 0.989153 0] [0.989153 0 -0.146898 0] [-0 -1 -0 0] [0 0 -0 1] ",
        "cam03": "[0 0.073649 0.997284 0] [1 -0 -0 0] [-0 -0.997284 0.073649 0] [0 -0 -0 1] ",
        "cam04": "[0 -0.073649 0.997284 0] [1 0 0 0] [0 -0.997284 -0.073649 0] [0 0 0 1] ",
        "cam05": "[0 0 1 0] [1 0 0 0] [-0 -1 -0 0] [0 0 -84.470001 1] ",
        "cam06": "[0 0 1 0] [1 0 0 0] [-0 -1 -0 0] [0 0 84.470001 1] ",
        "cam07": "[0 -0.104766 0.994497 0] [1 0 0 0] [-0 -0.994497 -0.104766 0] [0 41.913857 5.20669 1] ",
        "cam08": "[0 0.104766 0.994497 0] [1 0 0 0] [-0 -0.994497 0.104766 0] [0 -41.913857 5.20669 1] ",
        "cam09": "[-0.220678 0 0.975347 0] [0.975347 0 0.220678 0] [-0 -1 -0 0] [87.451309 0 -0.151664 1] ",
        "cam10": "[0.220678 0 0.975347 0] [0.975347 0 -0.220678 0] [-0 -1 -0 0] [-87.451309 0 -0.151664 1] "
    },
    "frame7": {
        "cam01": "[-0.142607 0 0.98978 0] [0.98978 0 0.142607 0] [-0 -1 -0 0] [0 0 0 1] ",
        "cam02": "[0.142607 0 0.98978 0] [0.98978 0 -0.142607 0] [-0 -1 -0 0] [0 0 -0 1] ",
        "cam03": "[0 0.071487 0.997442 0] [1 -0 -0 0] [-0 -0.997442 0.071487 0] [0 -0 -0 1] ",
        "cam04": "[0 -0.071487 0.997442 0] [1 0 0 0] [0 -0.997442 -0.071487 0] [0 0 0 1] ",
        "cam05": "[0 0 1 0] [1 0 0 0] [-0 -1 -0 0] [0 0 -81.989998 1] ",
        "cam06": "[0 0 1 0] [1 0 0 0] [-0 -1 -0 0] [0 0 81.989998 1] ",
        "cam07": "[0 -0.101679 0.994818 0] [1 0 0 0] [-0 -0.994818 -0.101679 0] [0 40.68034 5.053457 1] ",
        "cam08": "[0 0.101679 0.994818 0] [1 0 0 0] [-0 -0.994818 0.101679 0] [0 -40.68034 5.053457 1] ",
        "cam09": "[-0.214493 0 0.976726 0] [0.976726 0 0.214493 0] [-0 -1 -0 0] [84.882416 0 -0.14209 1] ",
        "cam10": "[0.214493 0 0.976726 0] [0.976726 0 -0.214493 0] [-0 -1 -0 0] [-84.882416 0 -0.14209 1] "
    },
    "frame8": {
        "cam01": "[-0.138314 0 0.990389 0] [0.990389 0 0.138314 0] [-0 -1 -0 0] [0 0 0 1] ",
        "cam02": "[0.138314 0 0.990389 0] [0.990389 0 -0.138314 0] [-0 -1 -0 0] [0 0 -0 1] ",
        "cam03": "[0 0.069324 0.997594 0] [1 -0 -0 0] [-0 -0.997594 0.069324 0] [0 -0 -0 1] ",
        "cam04": "[0 -0.069324 0.997594 0] [1 0 0 0] [-0 -0.997594 -0.069324 0] [0 0 0 1] ",
        "cam05": "[0 0 1 0] [1 0 0 0] [-0 -1 -0 0] [0 0 -79.5 1] ",
        "cam06": "[0 0 1 0] [1 0 0 0] [-0 -1 -0 0] [0 0 79.5 1] ",
        "cam07": "[0 -0.09859 0.995129 0] [1 0 0 0] [-0 -0.995129 -0.09859 0] [0 39.447811 4.900349 1] ",
        "cam08": "[0 0.09859 0.995129 0] [1 0 0 0] [-0 -0.995129 0.09859 0] [0 -39.447811 4.900349 1] ",
        "cam09": "[-0.208281 0 0.978069 0] [0.978069 0 0.208281 0] [-0 -1 -0 0] [82.303856 0 -0.135087 1] ",
        "cam10": "[0.208281 0 0.978069 0] [0.978069 0 -0.208281 0] [-0 -1 -0 0] [-82.303856 0 -0.135087 1] "
    },
    "frame9": {
        "cam01": "[-0.134018 0 0.99098 0] [0.99098 0 0.134018 0] [-0 -1 -0 0] [0 0 0 1] ",
        "cam02": "[0.134018 0 0.99098 0] [0.99098 0 -0.134018 0] [-0 -1 -0 0] [0 0 -0 1] ",
        "cam03": "[0 0.067161 0.997742 0] [1 -0 -0 0] [-0 -0.997742 0.067161 0] [0 -0 -0 1] ",
        "cam04": "[0 -0.067161 0.997742 0] [1 0 0 0] [-0 -0.997742 -0.067161 0] [0 0 0 1] ",
        "cam05": "[0 0 1 0] [1 0 0 0] [-0 -1 -0 0] [0 0 -77.020004 1] ",
        "cam06": "[0 0 1 0] [1 0 0 0] [-0 -1 -0 0] [0 0 77.020004 1] ",
        "cam07": "[0 -0.095502 0.99543 0] [1 0 0 0] [-0 -0.99543 -0.095502 0] [0 38.215286 4.74724 1] ",
        "cam08": "[0 0.095502 0.99543 0] [1 0 0 0] [-0 -0.99543 0.095502 0] [0 -38.215286 4.74724 1] ",
        "cam09": "[-0.202045 0 0.979377 0] [0.979377 0 0.202045 0] [-0 -1 -0 0] [79.737541 0 -0.135176 1] ",
        "cam10": "[0.202045 0 0.979377 0] [0.979377 0 -0.202045 0] [-0 -1 -0 0] [-79.737541 0 -0.135176 1] "
    },
    "frame10": {
        "cam01": "[-0.12972 0 0.991551 0] [0.991551 0 0.12972 0] [-0 -1 -0 0] [0 0 0 1] ",
        "cam02": "[0.12972 0 0.991551 0] [0.991551 0 -0.12972 0] [-0 -1 -0 0] [0 0 -0 1] ",
        "cam03": "[0 0.064997 0.997885 0] [1 -0 -0 0] [-0 -0.997885 0.064997 0] [0 -0 -0 1] ",
        "cam04": "[0 -0.064997 0.997885 0] [1 0 0 0] [-0 -0.997885 -0.064997 0] [0 0 0 1] ",
        "cam05": "[0 0 1 0] [1 0 0 0] [-0 -1 -0 0] [0 0 -74.540001 1] ",
        "cam06": "[0 0 1 0] [1 0 0 0] [-0 -1 -0 0] [0 0 74.540001 1] ",
        "cam07": "[0 -0.092413 0.995721 0] [1 0 0 0] [-0 -0.995721 -0.092413 0] [0 36.982761 4.594131 1] ",
        "cam08": "[0 0.092413 0.995721 0] [1 0 0 0] [-0 -0.995721 0.092413 0] [0 -36.982761 4.594131 1] ",
        "cam09": "[-0.195783 0 0.980647 0] [0.980647 0 0.195783 0] [-0 -1 -0 0] [77.16864 0 -0.125601 1] ",
        "cam10": "[0.195783 0 0.980647 0] [0.980647 0 -0.195783 0] [-0 -1 -0 0] [-77.16864 0 -0.125601 1] "
    },
    "frame11": {
        "cam01": "[-0.125419 0 0.992105 0] [0.992105 0 0.125419 0] [-0 -1 -0 0] [0 0 0 1] ",
        "cam02": "[0.125419 0 0.992105 0] [0.992105 0 -0.125419 0] [-0 -1 -0 0] [0 0 -0 1] ",
        "cam03": "[0 0.062834 0.998024 0] [1 -0 -0 0] [-0 -0.998024 0.062834 0] [0 -0 -0 1] ",
        "cam04": "[0 -0.062834 0.998024 0] [1 0 0 0] [-0 -0.998024 -0.062834 0] [0 0 0 1] ",
        "cam05": "[0 0 1 0] [1 0 0 0] [-0 -1 -0 0] [0 0 -72.050003 1] ",
        "cam06": "[0 0 1 0] [1 0 0 0] [-0 -1 -0 0] [0 0 72.050003 1] ",
        "cam07": "[0 -0.089323 0.996003 0] [1 0 0 0] [-0 -0.996003 -0.089323 0] [0 35.749237 4.440898 1] ",
        "cam08": "[0 0.089323 0.996003 0] [1 0 0 0] [-0 -0.996003 0.089323 0] [0 -35.749237 4.440898 1] ",
        "cam09": "[-0.189497 0 0.981882 0] [0.981882 0 0.189497 0] [-0 -1 -0 0] [74.592659 0 -0.128263 1] ",
        "cam10": "[0.189497 0 0.981882 0] [0.981882 0 -0.189497 0] [-0 -1 -0 0] [-74.592659 0 -0.128263 1] "
    },
    "frame12": {
        "cam01": "[-0.121116 0 0.992639 0] [0.992639 0 0.121116 0] [-0 -1 -0 0] [0 0 0 1] ",
        "cam02": "[0.121116 0 0.992639 0] [0.992639 0 -0.121116 0] [-0 -1 -0 0] [0 0 -0 1] ",
        "cam03": "[0 0.06067 0.998158 0] [1 -0 -0 0] [-0 -0.998158 0.06067 0] [0 -0 -0 1] ",
        "cam04": "[0 -0.06067 0.998158 0] [1 0 0 0] [-0 -0.998158 -0.06067 0] [0 0 0 1] ",
        "cam05": "[0 0 1 0] [1 0 0 0] [-0 -1 -0 0] [0 0 -69.57 1] ",
        "cam06": "[0 0 1 0] [1 0 0 0] [-0 -1 -0 0] [0 0 69.57 1] ",
        "cam07": "[0 -0.086233 0.996275 0] [1 0 0 0] [-0 -0.996275 -0.086233 0] [0 34.516712 4.287789 1] ",
        "cam08": "[0 0.086233 0.996275 0] [1 0 0 0] [-0 -0.996275 0.086233 0] [0 -34.516712 4.287789 1] ",
        "cam09": "[-0.183188 0 0.983078 0] [0.983078 0 0.183188 0] [-0 -1 -0 0] [72.023766 0 -0.118688 1] ",
        "cam10": "[0.183188 0 0.983078 0] [0.983078 0 -0.183188 0] [-0 -1 -0 0] [-72.023766 0 -0.118688 1] "
    },
    "frame13": {
        "cam01": "[-0.11681 0 0.993155 0] [0.993155 0 0.11681 0] [-0 -1 -0 0] [0 0 0 1] ",
        "cam02": "[0.11681 0 0.993155 0] [0.993155 0 -0.11681 0] [-0 -1 -0 0] [0 0 -0 1] ",
        "cam03": "[0 0.058506 0.998287 0] [1 -0 -0 0] [-0 -0.998287 0.058506 0] [0 -0 -0 1] ",
        "cam04": "[0 -0.058506 0.998287 0] [1 0 0 0] [-0 -0.998287 -0.058506 0] [0 0 0 1] ",
        "cam05": "[0 0 1 0] [1 0 0 0] [-0 -1 -0 0] [0 0 -67.079994 1] ",
        "cam06": "[0 0 1 0] [1 0 0 0] [-0 -1 -0 0] [0 0 67.079994 1] ",
        "cam07": "[0 -0.083144 0.996538 0] [1 0 0 0] [-0 -0.996538 -0.083144 0] [0 33.284184 4.134681 1] ",
        "cam08": "[0 0.083144 0.996538 0] [1 0 0 0] [-0 -0.996538 0.083144 0] [0 -33.284184 4.134681 1] ",
        "cam09": "[-0.176856 0 0.984237 0] [0.984237 0 0.176856 0] [-0 -1 -0 0] [69.447784 0 -0.121349 1] ",
        "cam10": "[0.176856 0 0.984237 0] [0.984237 0 -0.176856 0] [-0 -1 -0 0] [-69.447784 0 -0.121349 1] "
    },
    "frame14": {
        "cam01": "[-0.112503 0 0.993652 0] [0.993652 0 0.112503 0] [-0 -1 -0 0] [0 0 0 1] ",
        "cam02": "[0.112503 0 0.993652 0] [0.993652 0 -0.112503 0] [-0 -1 -0 0] [0 0 -0 1] ",
        "cam03": "[0 0.056341 0.998411 0] [1 -0 -0 0] [-0 -0.998411 0.056341 0] [0 -0 -0 1] ",
        "cam04": "[0 -0.056341 0.998411 0] [1 0 0 0] [-0 -0.998411 -0.056341 0] [0 0 0 1] ",
        "cam05": "[0 0 1 0] [1 0 0 0] [-0 -1 -0 0] [0 0 -64.600006 1] ",
        "cam06": "[0 0 1 0] [1 0 0 0] [-0 -1 -0 0] [0 0 64.600006 1] ",
        "cam07": "[0 -0.080054 0.996791 0] [1 0 0 0] [-0 -0.996791 -0.080054 0] [0 32.051659 3.981572 1] ",
        "cam08": "[0 0.080054 0.996791 0] [1 0 0 0] [-0 -0.996791 0.080054 0] [0 -32.051659 3.981572 1] ",
        "cam09": "[-0.170501 0 0.985358 0] [0.985358 0 0.170501 0] [-0 -1 -0 0] [66.878891 0 -0.111775 1] ",
        "cam10": "[0.170501 0 0.985358 0] [0.985358 0 -0.170501 0] [-0 -1 -0 0] [-66.878891 0 -0.111775 1] "
    },
    "frame15": {
        "cam01": "[-0.108193 0 0.99413 0] [0.99413 0 0.108193 0] [-0 -1 -0 0] [0 0 0 1] ",
        "cam02": "[0.108193 0 0.99413 0] [0.99413 0 -0.108193 0] [-0 -1 -0 0] [0 0 -0 1] ",
        "cam03": "[0 0.054176 0.998531 0] [1 -0 -0 0] [-0 -0.998531 0.054176 0] [0 -0 -0 1] ",
        "cam04": "[0 -0.054176 0.998531 0] [1 0 0 0] [-0 -0.998531 -0.054176 0] [0 0 0 1] ",
        "cam05": "[0 0 1 0] [1 0 0 0] [-0 -1 -0 0] [0 0 -62.110001 1] ",
        "cam06": "[0 0 1 0] [1 0 0 0] [-0 -1 -0 0] [0 0 62.110001 1] ",
        "cam07": "[0 -0.076964 0.997035 0] [1 0 0 0] [-0 -0.997035 -0.076964 0] [0 30.818138 3.828339 1] ",
        "cam08": "[0 0.076964 0.997035 0] [1 0 0 0] [-0 -0.997035 0.076964 0] [0 -30.818138 3.828339 1] ",
        "cam09": "[-0.164125 0 0.98644 0] [0.98644 0 0.164125 0] [-0 -1 -0 0] [64.300331 0 -0.104772 1] ",
        "cam10": "[0.164125 0 0.98644 0] [0.98644 0 -0.164125 0] [-0 -1 -0 0] [-64.300331 0 -0.104772 1] "
    },
    "frame16": {
        "cam01": "[-0.103881 0 0.99459 0] [0.99459 0 0.103881 0] [-0 -1 -0 0] [0 0 0 1] ",
        "cam02": "[0.103881 0 0.99459 0] [0.99459 0 -0.103881 0] [-0 -1 -0 0] [0 0 -0 1] ",
        "cam03": "[0 0.052011 0.998646 0] [1 -0 -0 0] [-0 -0.998646 0.052011 0] [0 -0 -0 1] ",
        "cam04": "[0 -0.052011 0.998646 0] [1 0 0 0] [-0 -0.998646 -0.052011 0] [0 0 0 1] ",
        "cam05": "[0 0 1 0] [1 0 0 0] [-0 -1 -0 0] [0 0 -59.630001 1] ",
        "cam06": "[0 0 1 0] [1 0 0 0] [-0 -1 -0 0] [0 0 59.630001 1] ",
        "cam07": "[0 -0.073875 0.997268 0] [1 0 0 0] [-0 -0.997268 -0.073875 0] [0 29.585611 3.675231 1] ",
        "cam08": "[0 0.073875 0.997268 0] [1 0 0 0] [-0 -0.997268 0.073875 0] [0 -29.585611 3.675231 1] ",
        "cam09": "[-0.157728 0 0.987482 0] [0.987482 0 0.157728 0] [-0 -1 -0 0] [61.734016 0 -0.104861 1] ",
        "cam10": "[0.157728 0 0.987482 0] [0.987482 0 -0.157728 0] [-0 -1 -0 0] [-61.734016 0 -0.104861 1] "
    },
    "frame17": {
        "cam01": "[-0.099567 0 0.995031 0] [0.995031 0 0.099567 0] [-0 -1 -0 0] [0 0 0 1] ",
        "cam02": "[0.099567 0 0.995031 0] [0.995031 0 -0.099567 0] [-0 -1 -0 0] [0 0 -0 1] ",
        "cam03": "[0 0.049846 0.998757 0] [1 -0 -0 0] [-0 -0.998757 0.049846 0] [0 -0 -0 1] ",
        "cam04": "[0 -0.049846 0.998757 0] [1 0 0 0] [-0 -0.998757 -0.049846 0] [0 0 0 1] ",
        "cam05": "[0 0 1 0] [1 0 0 0] [-0 -1 -0 0] [0 0 -57.139999 1] ",
        "cam06": "[0 0 1 0] [1 0 0 0] [-0 -1 -0 0] [0 0 57.139999 1] ",
        "cam07": "[0 -0.070785 0.997492 0] [1 0 0 0] [-0 -0.997492 -0.070785 0] [0 28.353083 3.522121 1] ",
        "cam08": "[0 0.070785 0.997492 0] [1 0 0 0] [-0 -0.997492 0.070785 0] [0 -28.353083 3.522121 1] ",
        "cam09": "[-0.151312 0 0.988487 0] [0.988487 0 0.151312 0] [-0 -1 -0 0] [59.155457 0 -0.097859 1] ",
        "cam10": "[0.151312 0 0.988487 0] [0.988487 0 -0.151312 0] [-0 -1 -0 0] [-59.155457 0 -0.097859 1] "
    },
    "frame18": {
        "cam01": "[-0.095252 0 0.995453 0] [0.995453 0 0.095252 0] [-0 -1 -0 0] [0 0 0 1] ",
        "cam02": "[0.095252 0 0.995453 0] [0.995453 0 -0.095252 0] [-0 -1 -0 0] [0 0 -0 1] ",
        "cam03": "[0 0.04768 0.998863 0] [1 -0 -0 0] [-0 -0.998863 0.04768 0] [0 -0 -0 1] ",
        "cam04": "[0 -0.04768 0.998863 0] [1 0 0 0] [-0 -0.998863 -0.04768 0] [0 0 0 1] ",
        "cam05": "[0 0 1 0] [1 0 0 0] [-0 -1 -0 0] [0 0 -54.66 1] ",
        "cam06": "[0 0 1 0] [1 0 0 0] [-0 -1 -0 0] [0 0 54.66 1] ",
        "cam07": "[0 -0.067696 0.997706 0] [1 0 0 0] [-0 -0.997706 -0.067696 0] [0 27.120558 3.369012 1] ",
        "cam08": "[0 0.067696 0.997706 0] [1 0 0 0] [-0 -0.997706 0.067696 0] [0 -27.120558 3.369012 1] ",
        "cam09": "[-0.144876 0 0.98945 0] [0.98945 0 0.144876 0] [-0 -1 -0 0] [56.589134 0 -0.097948 1] ",
        "cam10": "[0.144876 0 0.98945 0] [0.98945 0 -0.144876 0] [-0 -1 -0 0] [-56.589134 0 -0.097948 1] "
    },
    "frame19": {
        "cam01": "[-0.090935 0 0.995857 0] [0.995857 0 0.090935 0] [-0 -1 -0 0] [0 0 0 1] ",
        "cam02": "[0.090935 0 0.995857 0] [0.995857 0 -0.090935 0] [-0 -1 -0 0] [0 0 -0 1] ",
        "cam03": "[0 0.045515 0.998964 0] [1 -0 -0 0] [-0 -0.998964 0.045515 0] [0 -0 -0 1] ",
        "cam04": "[0 -0.045515 0.998964 0] [1 0 0 0] [-0 -0.998964 -0.045515 0] [0 0 0 1] ",
        "cam05": "[0 0 1 0] [1 0 0 0] [-0 -1 -0 0] [0 0 -52.179996 1] ",
        "cam06": "[0 0 1 0] [1 0 0 0] [-0 -1 -0 0] [0 0 52.179996 1] ",
        "cam07": "[0 -0.064608 0.997912 0] [1 0 0 0] [-0 -0.997912 -0.064608 0] [0 25.888029 3.215904 1] ",
        "cam08": "[0 0.064608 0.997912 0] [1 0 0 0] [-0 -0.997912 0.064608 0] [0 -25.888029 3.215904 1] ",
        "cam09": "[-0.138421 0 0.990374 0] [0.990374 0 0.138421 0] [-0 -1 -0 0] [54.020245 0 -0.088373 1] ",
        "cam10": "[0.138421 0 0.990374 0] [0.990374 0 -0.138421 0] [-0 -1 -0 0] [-54.020245 0 -0.088373 1] "
    },
    "frame20": {
        "cam01": "[-0.086615 0 0.996243 0] [0.996243 0 0.086615 0] [-0 -1 -0 0] [0 0 0 1] ",
        "cam02": "[0.086615 0 0.996243 0] [0.996243 0 -0.086615 0] [-0 -1 -0 0] [0 0 -0 1] ",
        "cam03": "[0 0.043349 0.99906 0] [1 -0 -0 0] [-0 -0.99906 0.043349 0] [0 -0 -0 1] ",
        "cam04": "[0 -0.043349 0.99906 0] [1 0 0 0] [-0 -0.99906 -0.043349 0] [0 0 0 1] ",
        "cam05": "[0 0 1 0] [1 0 0 0] [-0 -1 -0 0] [0 0 -49.689999 1] ",
        "cam06": "[0 0 1 0] [1 0 0 0] [-0 -1 -0 0] [0 0 49.689999 1] ",
        "cam07": "[0 -0.06152 0.998107 0] [1 0 0 0] [-0 -0.998107 -0.06152 0] [0 24.65451 3.062672 1] ",
        "cam08": "[0 0.06152 0.998107 0] [1 0 0 0] [-0 -0.998107 0.06152 0] [0 -24.65451 3.062672 1] ",
        "cam09": "[-0.131949 0 0.991257 0] [0.991257 0 0.131949 0] [-0 -1 -0 0] [51.444256 0 -0.091034 1] ",
        "cam10": "[0.131949 0 0.991257 0] [0.991257 0 -0.131949 0] [-0 -1 -0 0] [-51.444256 0 -0.091034 1] "
    },
    "frame21": {
        "cam01": "[-0.082295 0 0.996609 0] [0.996609 0 0.082295 0] [-0 -1 -0 0] [0 0 0 1] ",
        "cam02": "[0.082295 0 0.996609 0] [0.996609 0 -0.082295 0] [-0 -1 -0 0] [0 0 -0 1] ",
        "cam03": "[0 0.041182 0.999152 0] [1 -0 -0 0] [-0 -0.999152 0.041182 0] [0 -0 -0 1] ",
        "cam04": "[0 -0.041182 0.999152 0] [1 0 0 0] [-0 -0.999152 -0.041182 0] [0 0 0 1] ",
        "cam05": "[0 0 1 0] [1 0 0 0] [-0 -1 -0 0] [0 0 -47.209999 1] ",
        "cam06": "[0 0 1 0] [1 0 0 0] [-0 -1 -0 0] [0 0 47.209999 1] ",
        "cam07": "[0 -0.058432 0.998292 0] [1 0 0 0] [-0 -0.998292 -0.058432 0] [0 23.421984 2.909563 1] ",
        "cam08": "[0 0.058432 0.998292 0] [1 0 0 0] [-0 -0.998292 0.058432 0] [0 -23.421984 2.909563 1] ",
        "cam09": "[-0.125459 0 0.992099 0] [0.992099 0 0.125459 0] [-0 -1 -0 0] [48.875366 0 -0.081459 1] ",
        "cam10": "[0.125459 0 0.992099 0] [0.992099 0 -0.125459 0] [-0 -1 -0 0] [-48.875366 0 -0.081459 1] "
    },
    "frame22": {
        "cam01": "[-0.077972 0 0.996956 0] [0.996956 0 0.077972 0] [-0 -1 -0 0] [0 0 0 1] ",
        "cam02": "[0.077972 0 0.996956 0] [0.996956 0 -0.077972 0] [-0 -1 -0 0] [0 0 -0 1] ",
        "cam03": "[0 0.039016 0.999239 0] [1 -0 -0 0] [-0 -0.999239 0.039016 0] [0 -0 -0 1] ",
        "cam04": "[0 -0.039016 0.999239 0] [1 0 0 0] [-0 -0.999239 -0.039016 0] [0 0 0 1] ",
        "cam05": "[0 0 1 0] [1 0 0 0] [-0 -1 -0 0] [0 0 -44.720001 1] ",
        "cam06": "[0 0 1 0] [1 0 0 0] [-0 -1 -0 0] [0 0 44.720001 1] ",
        "cam07": "[0 -0.055345 0.998468 0] [1 0 0 0] [-0 -0.998468 -0.055345 0] [0 22.189457 2.756454 1] ",
        "cam08": "[0 0.055345 0.998468 0] [1 0 0 0] [-0 -0.998468 0.055345 0] [0 -22.189457 2.756454 1] ",
        "cam09": "[-0.118953 0 0.9929 0] [0.9929 0 0.118953 0] [-0 -1 -0 0] [46.296806 0 -0.074457 1] ",
        "cam10": "[0.118953 0 0.9929 0] [0.9929 0 -0.118953 0] [-0 -1 -0 0] [-46.296806 0 -0.074457 1] "
    },
    "frame23": {
        "cam01": "[-0.073649 0 0.997285 0] [0.997285 0 0.073649 0] [-0 -1 -0 0] [0 0 0 1] ",
        "cam02": "[0.073649 0 0.997285 0] [0.997285 0 -0.073649 0] [-0 -1 -0 0] [0 0 -0 1] ",
        "cam03": "[0 0.03685 0.999321 0] [1 -0 -0 0] [-0 -0.999321 0.03685 0] [0 -0 -0 1] ",
        "cam04": "[0 -0.03685 0.999321 0] [1 0 0 0] [0 -0.999321 -0.03685 0] [0 0 0 1] ",
        "cam05": "[0 0 1 0] [1 0 0 0] [-0 -1 -0 0] [0 0 -42.239998 1] ",
        "cam06": "[0 0 1 0] [1 0 0 0] [-0 -1 -0 0] [0 0 42.239998 1] ",
        "cam07": "[0 -0.052259 0.998634 0] [1 0 0 0] [-0 -0.998634 -0.052259 0] [0 20.956928 2.603345 1] ",
        "cam08": "[0 0.052259 0.998634 0] [1 0 0 0] [-0 -0.998634 0.052259 0] [0 -20.956928 2.603345 1] ",
        "cam09": "[-0.112432 0 0.99366 0] [0.99366 0 0.112432 0] [-0 -1 -0 0] [43.730484 0 -0.074546 1] ",
        "cam10": "[0.112432 0 0.99366 0] [0.99366 0 -0.112432 0] [-0 -1 -0 0] [-43.730484 0 -0.074546 1] "
    },
    "frame24": {
        "cam01": "[-0.069323 0 0.997595 0] [0.997595 0 0.069323 0] [-0 -1 -0 0] [0 0 0 1] ",
        "cam02": "[0.069323 0 0.997595 0] [0.997595 0 -0.069323 0] [-0 -1 -0 0] [0 0 -0 1] ",
        "cam03": "[0 0.034683 0.999399 0] [1 -0 -0 0] [-0 -0.999399 0.034683 0] [0 -0 -0 1] ",
        "cam04": "[0 -0.034683 0.999399 0] [1 0 0 0] [-0 -0.999399 -0.034683 0] [0 0 0 1] ",
        "cam05": "[0 0 1 0] [1 0 0 0] [-0 -1 -0 0] [0 0 -39.75 1] ",
        "cam06": "[0 0 1 0] [1 0 0 0] [-0 -1 -0 0] [0 0 39.75 1] ",
        "cam07": "[0 -0.049174 0.998791 0] [1 0 0 0] [-0 -0.998791 -0.049174 0] [0 19.72341 2.450113 1] ",
        "cam08": "[0 0.049174 0.998791 0] [1 0 0 0] [-0 -0.998791 0.049174 0] [0 -19.72341 2.450113 1] ",
        "cam09": "[-0.105896 0 0.994377 0] [0.994377 0 0.105896 0] [-0 -1 -0 0] [41.151928 0 -0.067544 1] ",
        "cam10": "[0.105896 0 0.994377 0] [0.994377 0 -0.105896 0] [-0 -1 -0 0] [-41.151928 0 -0.067544 1] "
    },
    "frame25": {
        "cam01": "[-0.064997 0 0.997886 0] [0.997886 0 0.064997 0] [-0 -1 -0 0] [0 0 0 1] ",
        "cam02": "[0.064997 0 0.997886 0] [0.997886 0 -0.064997 0] [-0 -1 -0 0] [0 0 -0 1] ",
        "cam03": "[0 0.032516 0.999471 0] [1 -0 -0 0] [-0 -0.999471 0.032516 0] [0 -0 -0 1] ",
        "cam04": "[0 -0.032516 0.999471 0] [1 0 0 0] [-0 -0.999471 -0.032516 0] [0 0 0 1] ",
        "cam05": "[0 0 1 0] [1 0 0 0] [-0 -1 -0 0] [0 0 -37.27 1] ",
        "cam06": "[0 0 1 0] [1 0 0 0] [-0 -1 -0 0] [0 0 37.27 1] ",
        "cam07": "[0 -0.04609 0.998938 0] [1 0 0 0] [-0 -0.998938 -0.04609 0] [0 18.490883 2.297004 1] ",
        "cam08": "[0 0.04609 0.998938 0] [1 0 0 0] [-0 -0.998938 0.04609 0] [0 -18.490883 2.297004 1] ",
        "cam09": "[-0.099346 0 0.995054 0] [0.995054 0 0.099346 0] [-0 -1 -0 0] [38.585609 0 -0.067633 1] ",
        "cam10": "[0.099346 0 0.995054 0] [0.995054 0 -0.099346 0] [-0 -1 -0 0] [-38.585609 0 -0.067633 1] "
    },
    "frame26": {
        "cam01": "[-0.060669 0 0.998158 0] [0.998158 0 0.060669 0] [-0 -1 -0 0] [0 0 0 1] ",
        "cam02": "[0.060669 0 0.998158 0] [0.998158 0 -0.060669 0] [-0 -1 -0 0] [0 0 -0 1] ",
        "cam03": "[0 0.030349 0.99954 0] [1 -0 -0 0] [-0 -0.99954 0.030349 0] [0 -0 -0 1] ",
        "cam04": "[0 -0.030349 0.99954 0] [1 0 0 0] [-0 -0.99954 -0.030349 0] [0 0 0 1] ",
        "cam05": "[0 0 1 0] [1 0 0 0] [-0 -1 -0 0] [0 0 -34.779999 1] ",
        "cam06": "[0 0 1 0] [1 0 0 0] [-0 -1 -0 0] [0 0 34.779999 1] ",
        "cam07": "[0 -0.043007 0.999075 0] [1 0 0 0] [-0 -0.999075 -0.043007 0] [0 17.258356 2.143895 1] ",
        "cam08": "[0 0.043007 0.999075 0] [1 0 0 0] [-0 -0.999075 0.043007 0] [0 -17.258356 2.143895 1] ",
        "cam09": "[-0.092783 0 0.995687 0] [0.995687 0 0.092783 0] [-0 -1 -0 0] [36.007053 0 -0.06063 1] ",
        "cam10": "[0.092783 0 0.995687 0] [0.995687 0 -0.092783 0] [-0 -1 -0 0] [-36.007053 0 -0.06063 1] "
    },
    "frame27": {
        "cam01": "[-0.05634 0 0.998412 0] [0.998412 0 0.05634 0] [-0 -1 -0 0] [0 0 0 1] ",
        "cam02": "[0.05634 0 0.998412 0] [0.998412 0 -0.05634 0] [-0 -1 -0 0] [0 0 -0 1] ",
        "cam03": "[0 0.028182 0.999603 0] [1 -0 -0 0] [-0 -0.999603 0.028182 0] [0 -0 -0 1] ",
        "cam04": "[0 -0.028182 0.999603 0] [1 0 0 0] [0 -0.999603 -0.028182 0] [0 0 0 1] ",
        "cam05": "[0 0 1 0] [1 0 0 0] [-0 -1 -0 0] [0 0 -32.300003 1] ",
        "cam06": "[0 0 1 0] [1 0 0 0] [-0 -1 -0 0] [0 0 32.300003 1] ",
        "cam07": "[0 -0.039925 0.999203 0] [1 0 0 0] [-0 -0.999203 -0.039925 0] [0 16.025829 1.990786 1] ",
        "cam08": "[0 0.039925 0.999203 0] [1 0 0 0] [-0 -0.999203 0.039925 0] [0 -16.025829 1.990786 1] ",
        "cam09": "[-0.086208 0 0.996277 0] [0.996277 0 0.086208 0] [-0 -1 -0 0] [33.440731 0 -0.060719 1] ",
        "cam10": "[0.086208 0 0.996277 0] [0.996277 0 -0.086208 0] [-0 -1 -0 0] [-33.440731 0 -0.060719 1] "
    },
    "frame28": {
        "cam01": "[-0.052011 0 0.998647 0] [0.998647 0 0.052011 0] [-0 -1 -0 0] [0 0 0 1] ",
        "cam02": "[0.052011 0 0.998647 0] [0.998647 0 -0.052011 0] [-0 -1 -0 0] [0 0 -0 1] ",
        "cam03": "[0 0.026014 0.999661 0] [1 -0 -0 0] [-0 -0.999661 0.026014 0] [0 -0 -0 1] ",
        "cam04": "[0 -0.026014 0.999661 0] [1 0 0 0] [-0 -0.999661 -0.026014 0] [0 0 0 1] ",
        "cam05": "[0 0 1 0] [1 0 0 0] [-0 -1 -0 0] [0 0 -29.809999 1] ",
        "cam06": "[0 0 1 0] [1 0 0 0] [-0 -1 -0 0] [0 0 29.809999 1] ",
        "cam07": "[0 -0.036844 0.999322 0] [1 0 0 0] [-0 -0.999322 -0.036844 0] [0 14.79231 1.837554 1] ",
        "cam08": "[0 0.036844 0.999322 0] [1 0 0 0] [-0 -0.999322 0.036844 0] [0 -14.79231 1.837554 1] ",
        "cam09": "[-0.079621 0 0.996826 0] [0.996826 0 0.079621 0] [-0 -1 -0 0] [30.862173 0 -0.053717 1] ",
        "cam10": "[0.079621 0 0.996826 0] [0.996826 0 -0.079621 0] [-0 -1 -0 0] [-30.862173 0 -0.053717 1] "
    },
    "frame29": {
        "cam01": "[-0.04768 0 0.998863 0] [0.998863 0 0.04768 0] [-0 -1 -0 0] [0 0 0 1] ",
        "cam02": "[0.04768 0 0.998863 0] [0.998863 0 -0.04768 0] [-0 -1 -0 0] [0 0 -0 1] ",
        "cam03": "[0 0.023847 0.999715 0] [1 -0 -0 0] [-0 -0.999715 0.023847 0] [0 -0 -0 1] ",
        "cam04": "[0 -0.023847 0.999715 0] [1 0 0 0] [-0 -0.999715 -0.023847 0] [0 0 0 1] ",
        "cam05": "[0 0 1 0] [1 0 0 0] [-0 -1 -0 0] [0 0 -27.33 1] ",
        "cam06": "[0 0 1 0] [1 0 0 0] [-0 -1 -0 0] [0 0 27.33 1] ",
        "cam07": "[0 -0.033764 0.99943 0] [1 0 0 0] [-0 -0.99943 -0.033764 0] [0 13.559782 1.684445 1] ",
        "cam08": "[0 0.033764 0.99943 0] [1 0 0 0] [-0 -0.99943 0.033764 0] [0 -13.559782 1.684445 1] ",
        "cam09": "[-0.073023 0 0.997331 0] [0.997331 0 0.073023 0] [-0 -1 -0 0] [28.293282 0 -0.044142 1] ",
        "cam10": "[0.073023 0 0.997331 0] [0.997331 0 -0.073023 0] [-0 -1 -0 0] [-28.293282 0 -0.044142 1] "
    },
    "frame30": {
        "cam01": "[-0.043348 0 0.999061 0] [0.999061 0 0.043348 0] [-0 -1 -0 0] [0 0 0 1] ",
        "cam02": "[0.043348 0 0.999061 0] [0.999061 0 -0.043348 0] [-0 -1 -0 0] [0 0 -0 1] ",
        "cam03": "[0 0.021679 0.999764 0] [1 -0 -0 0] [-0 -0.999764 0.021679 0] [0 -0 -0 1] ",
        "cam04": "[0 -0.021679 0.999764 0] [1 0 0 0] [-0 -0.999764 -0.021679 0] [0 0 0 1] ",
        "cam05": "[0 0 1 0] [1 0 0 0] [-0 -1 -0 0] [0 0 -24.85 1] ",
        "cam06": "[0 0 1 0] [1 0 0 0] [-0 -1 -0 0] [0 0 24.85 1] ",
        "cam07": "[0 -0.030686 0.99953 0] [1 0 0 0] [-0 -0.99953 -0.030686 0] [0 12.327255 1.531336 1] ",
        "cam08": "[0 0.030686 0.99953 0] [1 0 0 0] [-0 -0.99953 0.030686 0] [0 -12.327255 1.531336 1] ",
        "cam09": "[-0.066417 0 0.997793 0] [0.997793 0 0.066417 0] [-0 -1 -0 0] [25.726959 0 -0.044231 1] ",
        "cam10": "[0.066417 0 0.997793 0] [0.997793 0 -0.066417 0] [-0 -1 -0 0] [-25.726959 0 -0.044231 1] "
    },
    "frame31": {
        "cam01": "[-0.039016 0 0.999239 0] [0.999239 0 0.039016 0] [-0 -1 -0 0] [0 0 0 1] ",
        "cam02": "[0.039016 0 0.999239 0] [0.999239 0 -0.039016 0] [-0 -1 -0 0] [0 0 -0 1] ",
        "cam03": "[0 0.019512 0.999809 0] [1 -0 -0 0] [-0 -0.999809 0.019512 0] [0 -0 -0 1] ",
        "cam04": "[0 -0.019512 0.999809 0] [1 0 0 0] [-0 -0.999809 -0.019512 0] [0 0 0 1] ",
        "cam05": "[0 0 1 0] [1 0 0 0] [-0 -1 -0 0] [0 0 -22.360001 1] ",
        "cam06": "[0 0 1 0] [1 0 0 0] [-0 -1 -0 0] [0 0 22.360001 1] ",
        "cam07": "[0 -0.027609 0.999619 0] [1 0 0 0] [-0 -0.999619 -0.027609 0] [0 11.094728 1.378227 1] ",
        "cam08": "[0 0.027609 0.999619 0] [1 0 0 0] [-0 -0.999619 0.027609 0] [0 -11.094728 1.378227 1] ",
        "cam09": "[-0.059801 0 0.99821 0] [0.99821 0 0.059801 0] [-0 -1 -0 0] [23.148403 0 -0.037229 1] ",
        "cam10": "[0.059801 0 0.99821 0] [0.99821 0 -0.059801 0] [-0 -1 -0 0] [-23.148403 0 -0.037229 1] "
    },
    "frame32": {
        "cam01": "[-0.034683 0 0.999398 0] [0.999398 0 0.034683 0] [-0 -1 -0 0] [0 0 0 1] ",
        "cam02": "[0.034683 0 0.999398 0] [0.999398 0 -0.034683 0] [-0 -1 -0 0] [0 0 -0 1] ",
        "cam03": "[0 0.017344 0.999849 0] [1 -0 -0 0] [-0 -0.999849 0.017344 0] [0 -0 -0 1] ",
        "cam04": "[0 -0.017344 0.999849 0] [1 0 0 0] [-0 -0.999849 -0.017344 0] [0 0 0 1] ",
        "cam05": "[0 0 1 0] [1 0 0 0] [-0 -1 -0 0] [0 0 -19.879999 1] ",
        "cam06": "[0 0 1 0] [1 0 0 0] [-0 -1 -0 0] [0 0 19.879999 1] ",
        "cam07": "[0 -0.024534 0.999699 0] [1 0 0 0] [-0 -0.999699 -0.024534 0] [0 9.861209 1.224995 1] ",
        "cam08": "[0 0.024534 0.999699 0] [1 0 0 0] [-0 -0.999699 0.024534 0] [0 -9.861209 1.224995 1] ",
        "cam09": "[-0.053176 0 0.998586 0] [0.998586 0 0.053176 0] [-0 -1 -0 0] [20.582083 0 -0.037317 1] ",
        "cam10": "[0.053176 0 0.998586 0] [0.998586 0 -0.053176 0] [-0 -1 -0 0] [-20.582083 0 -0.037317 1] "
    },
    "frame33": {
        "cam01": "[-0.030349 0 0.999539 0] [0.999539 0 0.030349 0] [-0 -1 -0 0] [0 0 0 1] ",
        "cam02": "[0.030349 0 0.999539 0] [0.999539 0 -0.030349 0] [-0 -1 -0 0] [0 0 -0 1] ",
        "cam03": "[0 0.015176 0.999885 0] [1 -0 -0 0] [-0 -0.999885 0.015176 0] [0 -0 -0 1] ",
        "cam04": "[0 -0.015176 0.999885 0] [1 0 0 0] [-0 -0.999885 -0.015176 0] [0 0 0 1] ",
        "cam05": "[0 0 1 0] [1 0 0 0] [-0 -1 -0 0] [0 0 -17.389999 1] ",
        "cam06": "[0 0 1 0] [1 0 0 0] [-0 -1 -0 0] [0 0 17.389999 1] ",
        "cam07": "[0 -0.021461 0.99977 0] [1 0 0 0] [-0 -0.99977 -0.021461 0] [0 8.628682 1.071886 1] ",
        "cam08": "[0 0.021461 0.99977 0] [1 0 0 0] [-0 -0.99977 0.021461 0] [0 -8.628682 1.071886 1] ",
        "cam09": "[-0.046545 0 0.998917 0] [0.998917 0 0.046545 0] [-0 -1 -0 0] [18.003527 0 -0.030315 1] ",
        "cam10": "[0.046545 0 0.998917 0] [0.998917 0 -0.046545 0] [-0 -1 -0 0] [-18.003527 0 -0.030315 1] "
    },
    "frame34": {
        "cam01": "[-0.026014 0 0.999662 0] [0.999662 0 0.026014 0] [-0 -1 -0 0] [0 0 0 1] ",
        "cam02": "[0.026014 0 0.999662 0] [0.999662 0 -0.026014 0] [-0 -1 -0 0] [0 0 -0 1] ",
        "cam03": "[0 0.013008 0.999915 0] [1 -0 -0 0] [-0 -0.999915 0.013008 0] [0 -0 -0 1] ",
        "cam04": "[0 -0.013008 0.999915 0] [1 0 0 0] [-0 -0.999915 -0.013008 0] [0 0 0 1] ",
        "cam05": "[0 0 1 0] [1 0 0 0] [-0 -1 -0 0] [0 0 -14.910001 1] ",
        "cam06": "[0 0 1 0] [1 0 0 0] [-0 -1 -0 0] [0 0 14.910001 1] ",
        "cam07": "[0 -0.01839 0.999832 0] [1 0 0 0] [-0 -0.999832 -0.01839 0] [0 7.396155 0.918777 1] ",
        "cam08": "[0 0.01839 0.999832 0] [1 0 0 0] [-0 -0.999832 0.01839 0] [0 -7.396155 0.918777 1] ",
        "cam09": "[-0.039908 0 0.999203 0] [0.999203 0 0.039908 0] [-0 -1 -0 0] [15.437205 0 -0.030404 1] ",
        "cam10": "[0.039908 0 0.999203 0] [0.999203 0 -0.039908 0] [-0 -1 -0 0] [-15.437205 0 -0.030404 1] "
    },
    "frame35": {
        "cam01": "[-0.021679 0 0.999765 0] [0.999765 0 0.021679 0] [-0 -1 -0 0] [0 0 0 1] ",
        "cam02": "[0.021679 0 0.999765 0] [0.999765 0 -0.021679 0] [-0 -1 -0 0] [0 0 -0 1] ",
        "cam03": "[0 0.01084 0.999941 0] [1 -0 -0 0] [-0 -0.999941 0.01084 0] [0 -0 -0 1] ",
        "cam04": "[0 -0.01084 0.999941 0] [1 0 0 0] [-0 -0.999941 -0.01084 0] [0 0 0 1] ",
        "cam05": "[0 0 1 0] [1 0 0 0] [-0 -1 -0 0] [0 0 -12.42 1] ",
        "cam06": "[0 0 1 0] [1 0 0 0] [-0 -1 -0 0] [0 0 12.42 1] ",
        "cam07": "[0 -0.015319 0.999883 0] [1 0 0 0] [-0 -0.999883 -0.015319 0] [0 6.163628 0.765668 1] ",
        "cam08": "[0 0.015319 0.999883 0] [1 0 0 0] [-0 -0.999883 0.015319 0] [0 -6.163628 0.765668 1] ",
        "cam09": "[-0.033265 0 0.999447 0] [0.999447 0 0.033265 0] [-0 -1 -0 0] [12.858648 0 -0.023402 1] ",
        "cam10": "[0.033265 0 0.999447 0] [0.999447 0 -0.033265 0] [-0 -1 -0 0] [-12.858648 0 -0.023402 1] "
    },
    "frame36": {
        "cam01": "[-0.017343 0 0.99985 0] [0.99985 0 0.017343 0] [-0 -1 -0 0] [0 0 0 1] ",
        "cam02": "[0.017343 0 0.99985 0] [0.99985 0 -0.017343 0] [-0 -1 -0 0] [0 0 -0 1] ",
        "cam03": "[0 0.008672 0.999962 0] [1 -0 -0 0] [-0 -0.999962 0.008672 0] [0 -0 -0 1] ",
        "cam04": "[0 -0.008672 0.999962 0] [1 0 0 0] [-0 -0.999962 -0.008672 0] [0 0 0 1] ",
        "cam05": "[0 0 1 0] [1 0 0 0] [-0 -1 -0 0] [0 0 -9.94 1] ",
        "cam06": "[0 0 1 0] [1 0 0 0] [-0 -1 -0 0] [0 0 9.94 1] ",
        "cam07": "[0 -0.012251 0.999925 0] [1 0 0 0] [-0 -0.999925 -0.012251 0] [0 4.9311 0.612559 1] ",
        "cam08": "[0 0.012251 0.999925 0] [1 0 0 0] [-0 -0.999925 0.012251 0] [0 -4.9311 0.612559 1] ",
        "cam09": "[-0.026617 0 0.999646 0] [0.999646 0 0.026617 0] [-0 -1 -0 0] [10.289756 0 -0.013827 1] ",
        "cam10": "[0.026617 0 0.999646 0] [0.999646 0 -0.026617 0] [-0 -1 -0 0] [-10.289756 0 -0.013827 1] "
    },
    "frame37": {
        "cam01": "[-0.013008 0 0.999916 0] [0.999916 0 0.013008 0] [-0 -1 -0 0] [0 0 0 1] ",
        "cam02": "[0.013008 0 0.999916 0] [0.999916 0 -0.013008 0] [-0 -1 -0 0] [0 0 -0 1] ",
        "cam03": "[0 0.006504 0.999979 0] [1 -0 -0 0] [-0 -0.999979 0.006504 0] [0 -0 -0 1] ",
        "cam04": "[0 -0.006504 0.999979 0] [1 0 0 0] [-0 -0.999979 -0.006504 0] [0 0 0 1] ",
        "cam05": "[0 0 1 0] [1 0 0 0] [-0 -1 -0 0] [0 0 -7.45 1] ",
        "cam06": "[0 0 1 0] [1 0 0 0] [-0 -1 -0 0] [0 0 7.45 1] ",
        "cam07": "[0 -0.009185 0.999958 0] [1 0 0 0] [-0 -0.999958 -0.009185 0] [0 3.697581 0.459327 1] ",
        "cam08": "[0 0.009185 0.999958 0] [1 0 0 0] [-0 -0.999958 0.009185 0] [0 -3.697581 0.459327 1] ",
        "cam09": "[-0.019967 0 0.999801 0] [0.999801 0 0.019967 0] [-0 -1 -0 0] [7.713771 0 -0.016488 1] ",
        "cam10": "[0.019967 0 0.999801 0] [0.999801 0 -0.019967 0] [-0 -1 -0 0] [-7.713771 0 -0.016488 1] "
    },
    "frame38": {
        "cam01": "[-0.008672 0 0.999963 0] [0.999963 0 0.008672 0] [-0 -1 -0 0] [0 0 0 1] ",
        "cam02": "[0.008672 0 0.999963 0] [0.999963 0 -0.008672 0] [-0 -1 -0 0] [0 0 -0 1] ",
        "cam03": "[0 0.004336 0.99999 0] [1 -0 -0 0] [-0 -0.99999 0.004336 0] [0 -0 -0 1] ",
        "cam04": "[0 -0.004336 0.99999 0] [1 0 0 0] [-0 -0.99999 -0.004336 0] [0 0 0 1] ",
        "cam05": "[0 0 1 0] [1 0 0 0] [-0 -1 -0 0] [0 0 -4.97 1] ",
        "cam06": "[0 0 1 0] [1 0 0 0] [-0 -1 -0 0] [0 0 4.97 1] ",
        "cam07": "[0 -0.006121 0.999981 0] [1 0 0 0] [-0 -0.999981 -0.006121 0] [0 2.465054 0.306218 1] ",
        "cam08": "[0 0.006121 0.999981 0] [1 0 0 0] [-0 -0.999981 0.006121 0] [0 -2.465054 0.306218 1] ",
        "cam09": "[-0.013313 0 0.999912 0] [0.999912 0 0.013313 0] [-0 -1 -0 0] [5.144878 0 -0.006913 1] ",
        "cam10": "[0.013313 0 0.999912 0] [0.999912 0 -0.013313 0] [-0 -1 -0 0] [-5.144878 0 -0.006913 1] "
    },
    "frame39": {
        "cam01": "[-0.004336 0 0.999992 0] [0.999992 0 0.004336 0] [-0 -1 -0 0] [0 0 0 1] ",
        "cam02": "[0.004336 0 0.999992 0] [0.999992 0 -0.004336 0] [-0 -1 -0 0] [0 0 -0 1] ",
        "cam03": "[0 0.002168 0.999997 0] [1 -0 -0 0] [-0 -0.999997 0.002168 0] [0 -0 -0 1] ",
        "cam04": "[0 -0.002168 0.999997 0] [1 0 0 0] [-0 -0.999997 -0.002168 0] [0 0 0 1] ",
        "cam05": "[0 0 1 0] [1 0 0 0] [-0 -1 -0 0] [0 0 -2.49 1] ",
        "cam06": "[0 0 1 0] [1 0 0 0] [-0 -1 -0 0] [0 0 2.49 1] ",
        "cam07": "[0 -0.00306 0.999996 0] [1 0 0 0] [-0 -0.999996 -0.00306 0] [0 1.232527 0.153109 1] ",
        "cam08": "[0 0.00306 0.999996 0] [1 0 0 0] [-0 -0.999996 0.00306 0] [0 -1.232527 0.153109 1] ",
        "cam09": "[-0.006656 0 0.999978 0] [0.999978 0 0.006656 0] [-0 -1 -0 0] [2.578557 0 -0.007002 1] ",
        "cam10": "[0.006656 0 0.999978 0] [0.999978 0 -0.006656 0] [-0 -1 -0 0] [-2.578557 0 -0.007002 1] "
    },
    "frame40": {
        "cam01": "[0 0 1 0] [1 0 -0 0] [-0 -1 -0 0] [0 0 0 1] ",
        "cam02": "[-0 0 1 0] [1 0 0 0] [-0 -1 -0 0] [0 0 -0 1] ",
        "cam03": "[0 0 1 0] [1 0 -0 0] [-0 -1 0 0] [0 -0 -0 1] ",
        "cam04": "[0 -0 1 0] [1 0 0 0] [-0 -1 -0 0] [0 0 0 1] ",
        "cam05": "[0 0 1 0] [1 0 0 0] [-0 -1 -0 0] [0 0 0 1] ",
        "cam06": "[0 0 1 0] [1 0 0 0] [-0 -1 -0 0] [0 0 0 1] ",
        "cam07": "[0 0 1 0] [1 0 0 0] [-0 -1 -0 0] [0 0 0 1] ",
        "cam08": "[0 -0 1 0] [1 0 0 0] [-0 -1 0 0] [0 -0 0 1] ",
        "cam09": "[-0 0 1 0] [1 0 -0 0] [-0 -1 -0 0] [-0 0 0 1] ",
        "cam10": "[0 0 1 0] [1 0 0 0] [-0 -1 -0 0] [0 0 0 1] "
    },
    "frame41": {
        "cam01": "[0.004337 0 0.999991 0] [0.999991 0 -0.004337 0] [-0 -1 -0 0] [0 0 0 1] ",
        "cam02": "[-0.004337 0 0.999991 0] [0.999991 0 0.004337 0] [-0 -1 -0 0] [0 0 -0 1] ",
        "cam03": "[-0 -0.002168 0.999998 0] [1 0 0 0] [0 -0.999998 -0.002168 0] [0 -0 -0 1] ",
        "cam04": "[0 0.002168 0.999998 0] [1 0 0 0] [-0 -0.999998 0.002168 0] [0 0 0 1] ",
        "cam05": "[0 0 1 0] [1 0 0 0] [-0 -1 -0 0] [0 0 2.48 1] ",
        "cam06": "[0 0 1 0] [1 0 0 0] [-0 -1 -0 0] [0 0 -2.48 1] ",
