{
    "frame0": {
        "cam01": "[0 0 1 0] [1 0 0 0] [-0 -1 -0 0] [0 0 0 1] ",
        "cam02": "[0 0 1 0] [1 0 0 0] [-0 -1 -0 0] [0 0 0 1] ",
        "cam03": "[0 0 1 0] [1 0 0 0] [-0 -1 -0 0] [0 0 0 1] ",
        "cam04": "[0 0 1 0] [1 0 0 0] [-0 -1 -0 0] [0 0 0 1] ",
        "cam05": "[0 0 1 0] [1 0 0 0] [-0 -1 -0 0] [0 0 0 1] ",
        "cam06": "[0 0 1 0] [1 0 0 0] [-0 -1 -0 0] [0 0 0 1] ",
        "cam07": "[0 0 1 0] [1 0 0 0] [-0 -1 -0 0] [0 0 0 1] ",
        "cam08": "[0 0 1 0] [1 0 0 0] [-0 -1 -0 0] [0 0 0 1] ",
        "cam09": "[0 0 1 0] [1 0 0 0] [-0 -1 -0 0] [0 0 0 1] ",
        "cam10": "[0 0 1 0] [1 0 0 0] [-0 -1 -0 0] [0 0 0 1] ",
        "cam11": "[0 -0 1 0] [1 -0 0 0] [-0 -1 -0 0] [0 0 0 1] "
    },
    "frame1": {
        "cam01": "[0.004336 0 0.999991 0] [0.999991 0 -0.004336 0] [-0 -1 -0 0] [0 0 0 1] ",
        "cam02": "[-0.004336 0 0.999991 0] [0.999991 0 0.004336 0] [-0 -1 -0 0] [0 0 0 1] ",
        "cam03": "[0 -0.002168 0.999998 0] [1 0 0 0] [-0 -0.999998 -0.002168 0] [0 0 0 1] ",
        "cam04": "[0 0.002168 0.999998 0] [1 0 0 0] [-0 -0.999998 0.002168 0] [0 0 0 1] ",
        "cam05": "[0 0 1 0] [1 0 0 0] [-0 -1 -0 0] [0 0 2.48 1] ",
        "cam06": "[0 0 1 0] [1 0 0 0] [-0 -1 -0 0] [0 0 -2.48 1] ",
        "cam07": "[0 0.003106 0.999995 0] [1 0 0 0] [-0 -0.999995 0.003106 0] [0 -1.242 0 1] ",
        "cam08": "[0 -0.003106 0.999995 0] [1 0 0 0] [-0 -0.999995 -0.003106 0] [0 1.242 0 1] ",
        "cam09": "[0.006221 0 0.999981 0] [0.999981 0 -0.006221 0] [-0 -1 -0 0] [-2.48 0 0.67 1] ",
        "cam10": "[-0.006221 0 0.999981 0] [0.999981 0 0.006221 0] [-0 -1 -0 0] [2.48 0 0.67 1] ",
        "cam11": "[-0.001004 0 1 0] [1 -0.000122 0.001004 0] [-0.000121 -1 0 0] [0 0 0 1] "
    },
    "frame2": {
        "cam01": "[0.008672 0 0.999962 0] [0.999962 0 -0.008672 0] [-0 -1 -0 0] [0 0 0 1] ",
        "cam02": "[-0.008672 0 0.999962 0] [0.999962 0 0.008672 0] [-0 -1 -0 0] [0 0 0 1] ",
        "cam03": "[0 -0.004336 0.999991 0] [1 0 0 0] [-0 -0.999991 -0.004336 0] [0 0 0 1] ",
        "cam04": "[0 0.004336 0.999991 0] [1 0 0 0] [-0 -0.999991 0.004336 0] [0 0 0 1] ",
        "cam05": "[0 0 1 0] [1 0 0 0] [-0 -1 -0 0] [0 0 4.97 1] ",
        "cam06": "[0 0 1 0] [1 0 0 0] [-0 -1 -0 0] [0 0 -4.97 1] ",
        "cam07": "[0 0.006211 0.999981 0] [1 0 0 0] [-0 -0.999981 0.006211 0] [0 -2.484 0 1] ",
        "cam08": "[0 -0.006211 0.999981 0] [1 0 0 0] [-0 -0.999981 -0.006211 0] [0 2.484 0 1] ",
        "cam09": "[0.012463 0 0.999922 0] [0.999922 0 -0.012463 0] [-0 -1 -0 0] [-4.97 0 1.33 1] ",
        "cam10": "[-0.012463 0 0.999922 0] [0.999922 0 0.012463 0] [-0 -1 -0 0] [4.97 0 1.33 1] ",
        "cam11": "[-0.002049 0 0.999998 0] [0.999998 -0.000248 0.002049 0] [-0.000248 -1 0 0] [0 0 0 1] "
    },
    "frame3": {
        "cam01": "[0.013008 0 0.999915 0] [0.999915 0 -0.013008 0] [-0 -1 -0 0] [0 0 0 1] ",
        "cam02": "[-0.013008 0 0.999915 0] [0.999915 0 0.013008 0] [-0 -1 -0 0] [0 0 0 1] ",
        "cam03": "[0 -0.006504 0.999979 0] [1 0 0 0] [-0 -0.999979 -0.006504 0] [0 0 0 1] ",
        "cam04": "[0 0.006504 0.999979 0] [1 0 0 0] [-0 -0.999979 0.006504 0] [0 0 0 1] ",
        "cam05": "[0 0 1 0] [1 0 0 0] [-0 -1 -0 0] [0 0 7.45 1] ",
        "cam06": "[0 0 1 0] [1 0 0 0] [-0 -1 -0 0] [0 0 -7.45 1] ",
        "cam07": "[0 0.009316 0.999957 0] [1 0 0 0] [-0 -0.999957 0.009316 0] [0 -3.727 0 1] ",
        "cam08": "[0 -0.009316 0.999957 0] [1 0 0 0] [-0 -0.999957 -0.009316 0] [0 3.727 0 1] ",
        "cam09": "[0.018724 0 0.999825 0] [0.999825 0 -0.018724 0] [-0 -1 -0 0] [-7.45 0 2 1] ",
        "cam10": "[-0.018724 0 0.999825 0] [0.999825 0 0.018724 0] [-0 -1 -0 0] [7.45 0 2 1] ",
        "cam11": "[-0.00314 0.000001 0.999995 0] [0.999995 -0.00038 0.00314 0] [-0.00038 -1 0 0] [0 0 0 1] "
    },
    "frame4": {
        "cam01": "[0.017344 0 0.99985 0] [0.99985 0 -0.017344 0] [-0 -1 -0 0] [0 0 0 1] ",
        "cam02": "[-0.017344 0 0.99985 0] [0.99985 0 0.017344 0] [-0 -1 -0 0] [0 0 0 1] ",
        "cam03": "[-0 -0.008672 0.999962 0] [1 0 0 0] [0 -0.999962 -0.008672 0] [0 0 0 1] ",
        "cam04": "[0 0.008672 0.999962 0] [1 0 0 0] [-0 -0.999962 0.008672 0] [0 0 0 1] ",
        "cam05": "[0 0 1 0] [1 0 0 0] [-0 -1 -0 0] [0 0 9.94 1] ",
        "cam06": "[0 0 1 0] [1 0 0 0] [-0 -1 -0 0] [0 0 -9.94 1] ",
        "cam07": "[0 0.012421 0.999923 0] [1 0 0 0] [-0 -0.999923 0.012421 0] [0 -4.969 0 1] ",
        "cam08": "[0 -0.012421 0.999923 0] [1 0 0 0] [-0 -0.999923 -0.012421 0] [0 4.969 0 1] ",
        "cam09": "[0.025003 0 0.999687 0] [0.999687 0 -0.025003 0] [-0 -1 -0 0] [-9.94 0 2.66 1] ",
        "cam10": "[-0.025003 0 0.999687 0] [0.999687 0 0.025003 0] [-0 -1 -0 0] [9.94 0 2.66 1] ",
        "cam11": "[-0.004276 0.000001 0.999991 0] [0.999992 -0.000518 0.004276 0] [-0.000518 -1 -0 0] [0 0 0 1] "
    },
    "frame5": {
        "cam01": "[0.021679 0 0.999765 0] [0.999765 0 -0.021679 0] [-0 -1 -0 0] [0 0 0 1] ",
        "cam02": "[-0.021679 0 0.999765 0] [0.999765 0 0.021679 0] [-0 -1 -0 0] [0 0 0 1] ",
        "cam03": "[-0 -0.01084 0.999941 0] [1 0 0 0] [0 -0.999941 -0.01084 0] [0 0 0 1] ",
        "cam04": "[0 0.01084 0.999941 0] [1 0 0 0] [-0 -0.999941 0.01084 0] [0 0 0 1] ",
        "cam05": "[0 0 1 0] [1 0 0 0] [-0 -1 -0 0] [0 0 12.42 1] ",
        "cam06": "[0 0 1 0] [1 0 0 0] [-0 -1 -0 0] [0 0 -12.42 1] ",
        "cam07": "[0 0.015526 0.999879 0] [1 0 0 0] [-0 -0.999879 0.015526 0] [0 -6.211 0 1] ",
        "cam08": "[0 -0.015526 0.999879 0] [1 0 0 0] [-0 -0.999879 -0.015526 0] [0 6.211 0 1] ",
        "cam09": "[0.031301 0 0.99951 0] [0.99951 0 -0.031301 0] [-0 -1 -0 0] [-12.42 0 3.33 1] ",
        "cam10": "[-0.031301 0 0.99951 0] [0.99951 0 0.031301 0] [-0 -1 -0 0] [12.42 0 3.33 1] ",
        "cam11": "[-0.005461 0.000002 0.999986 0] [0.999986 -0.000661 0.00546 0] [-0.000661 -1 -0.000002 0] [0 0 0 1] "
    },
    "frame6": {
        "cam01": "[0.026014 0 0.999662 0] [0.999662 0 -0.026014 0] [-0 -1 -0 0] [0 0 0 1] ",
        "cam02": "[-0.026014 0 0.999662 0] [0.999662 0 0.026014 0] [-0 -1 -0 0] [0 0 0 1] ",
        "cam03": "[0 -0.013008 0.999915 0] [1 0 0 0] [-0 -0.999915 -0.013008 0] [0 0 0 1] ",
        "cam04": "[0 0.013008 0.999915 0] [1 0 -0 0] [0 -0.999915 0.013008 0] [0 0 0 1] ",
        "cam05": "[0 0 1 0] [1 0 0 0] [-0 -1 -0 0] [0 0 14.910001 1] ",
        "cam06": "[0 0 1 0] [1 0 0 0] [-0 -1 -0 0] [0 0 -14.910001 1] ",
        "cam07": "[0 0.01863 0.999826 0] [1 0 0 0] [-0 -0.999826 0.01863 0] [0 -7.453 0 1] ",
        "cam08": "[0 -0.01863 0.999826 0] [1 0 0 0] [-0 -0.999826 -0.01863 0] [0 7.453 0 1] ",
        "cam09": "[0.037616 0 0.999292 0] [0.999292 0 -0.037616 0] [-0 -1 -0 0] [-14.910001 0 3.99 1] ",
        "cam10": "[-0.037616 0 0.999292 0] [0.999292 0 0.037616 0] [-0 -1 -0 0] [14.910001 0 3.99 1] ",
        "cam11": "[-0.006695 0.000003 0.999978 0] [0.999978 -0.000811 0.006695 0] [-0.000811 -1 -0.000002 0] [0 0 0 1] "
    },
    "frame7": {
        "cam01": "[0.030349 0 0.999539 0] [0.999539 0 -0.030349 0] [-0 -1 -0 0] [0 0 0 1] ",
        "cam02": "[-0.030349 0 0.999539 0] [0.999539 0 0.030349 0] [-0 -1 -0 0] [0 0 0 1] ",
        "cam03": "[0 -0.015176 0.999885 0] [1 0 0 0] [-0 -0.999885 -0.015176 0] [0 0 0 1] ",
        "cam04": "[0 0.015176 0.999885 0] [1 0 -0 0] [0 -0.999885 0.015176 0] [0 0 0 1] ",
        "cam05": "[0 0 1 0] [1 0 0 0] [-0 -1 -0 0] [0 0 17.389999 1] ",
        "cam06": "[0 0 1 0] [1 0 0 0] [-0 -1 -0 0] [0 0 -17.389999 1] ",
        "cam07": "[0 0.021734 0.999764 0] [1 0 0 0] [-0 -0.999764 0.021734 0] [0 -8.696 0 1] ",
        "cam08": "[0 -0.021734 0.999764 0] [1 0 0 0] [-0 -0.999764 -0.021734 0] [0 8.696 0 1] ",
        "cam09": "[0.043948 0 0.999034 0] [0.999034 0 -0.043948 0] [-0 -1 -0 0] [-17.389999 0 4.66 1] ",
        "cam10": "[-0.043948 0 0.999034 0] [0.999034 0 0.043948 0] [-0 -1 -0 0] [17.389999 0 4.66 1] ",
        "cam11": "[-0.007982 0.000004 0.999969 0] [0.999968 -0.000967 0.007982 0] [-0.000967 -1 -0.000004 0] [0 0 0 1] "
    },
    "frame8": {
        "cam01": "[0.034683 0 0.999398 0] [0.999398 0 -0.034683 0] [-0 -1 -0 0] [0 0 0 1] ",
        "cam02": "[-0.034683 0 0.999398 0] [0.999398 0 0.034683 0] [-0 -1 -0 0] [0 0 0 1] ",
        "cam03": "[0 -0.017344 0.99985 0] [1 0 0 0] [0 -0.99985 -0.017344 0] [0 0 0 1] ",
        "cam04": "[0 0.017344 0.99985 0] [1 0 0 0] [-0 -0.99985 0.017344 0] [0 0 0 1] ",
        "cam05": "[0 0 1 0] [1 0 0 0] [-0 -1 -0 0] [0 0 19.879999 1] ",
        "cam06": "[0 0 1 0] [1 0 0 0] [-0 -1 -0 0] [0 0 -19.879999 1] ",
        "cam07": "[0 0.024837 0.999692 0] [1 0 0 0] [-0 -0.999692 0.024837 0] [0 -9.938 0 1] ",
        "cam08": "[0 -0.024837 0.999692 0] [1 0 0 0] [-0 -0.999692 -0.024837 0] [0 9.938 0 1] ",
        "cam09": "[0.050296 0 0.998734 0] [0.998734 0 -0.050296 0] [-0 -1 -0 0] [-19.879999 0 5.33 1] ",
        "cam10": "[-0.050296 0 0.998734 0] [0.998734 0 0.050296 0] [-0 -1 -0 0] [19.879999 0 5.33 1] ",
        "cam11": "[-0.009323 0.000005 0.999957 0] [0.999956 -0.001129 0.009323 0] [-0.001129 -0.999999 -0.000005 0] [0 0 0 1] "
    },
    "frame9": {
        "cam01": "[0.039016 0 0.999239 0] [0.999239 0 -0.039016 0] [-0 -1 -0 0] [0 0 0 1] ",
        "cam02": "[-0.039016 0 0.999239 0] [0.999239 0 0.039016 0] [-0 -1 -0 0] [0 0 0 1] ",
        "cam03": "[-0 -0.019512 0.99981 0] [1 0 0 0] [0 -0.99981 -0.019512 0] [0 0 0 1] ",
        "cam04": "[0 0.019512 0.99981 0] [1 0 0 0] [-0 -0.99981 0.019512 0] [0 0 0 1] ",
        "cam05": "[0 0 1 0] [1 0 0 0] [-0 -1 -0 0] [0 0 22.360001 1] ",
        "cam06": "[0 0 1 0] [1 0 0 0] [-0 -1 -0 0] [0 0 -22.360001 1] ",
        "cam07": "[0 0.027939 0.99961 0] [1 0 0 0] [-0 -0.99961 0.027939 0] [0 -11.18 0 1] ",
        "cam08": "[0 -0.027939 0.99961 0] [1 0 0 0] [-0 -0.99961 -0.027939 0] [0 11.18 0 1] ",
        "cam09": "[0.05666 0 0.998394 0] [0.998394 0 -0.05666 0] [-0 -1 -0 0] [-22.360001 0 5.99 1] ",
        "cam10": "[-0.05666 0 0.998394 0] [0.998394 0 0.05666 0] [-0 -1 -0 0] [22.360001 0 5.99 1] ",
        "cam11": "[-0.010722 0.000007 0.999943 0] [0.999942 -0.001299 0.010721 0] [-0.001299 -0.999999 -0.000007 0] [0 0 0 1] "
    },
    "frame10": {
        "cam01": "[0.043349 0 0.99906 0] [0.99906 0 -0.043349 0] [-0 -1 -0 0] [0 0 0 1] ",
        "cam02": "[-0.043349 0 0.99906 0] [0.99906 0 0.043349 0] [-0 -1 -0 0] [0 0 0 1] ",
        "cam03": "[0 -0.021679 0.999765 0] [1 0 0 0] [-0 -0.999765 -0.021679 0] [0 0 0 1] ",
        "cam04": "[0 0.021679 0.999765 0] [1 0 0 0] [-0 -0.999765 0.021679 0] [0 0 0 1] ",
        "cam05": "[0 0 1 0] [1 0 0 0] [-0 -1 -0 0] [0 0 24.84 1] ",
        "cam06": "[0 0 1 0] [1 0 0 0] [-0 -1 -0 0] [0 0 -24.84 1] ",
        "cam07": "[0 0.031041 0.999518 0] [1 0 0 0] [-0 -0.999518 0.031041 0] [0 -12.422 0 1] ",
        "cam08": "[0 -0.031041 0.999518 0] [1 0 0 0] [-0 -0.999518 -0.031041 0] [0 12.422 0 1] ",
        "cam09": "[0.063037 0 0.998011 0] [0.998011 0 -0.063037 0] [-0 -1 -0 0] [-24.84 0 6.66 1] ",
        "cam10": "[-0.063037 0 0.998011 0] [0.998011 0 0.063037 0] [-0 -1 -0 0] [24.84 0 6.66 1] ",
        "cam11": "[-0.012179 0.000009 0.999926 0] [0.999925 -0.001475 0.012179 0] [-0.001475 -0.999999 -0.000008 0] [0 0 0 1] "
    },
    "frame11": {
        "cam01": "[0.04768 0 0.998863 0] [0.998863 0 -0.04768 0] [-0 -1 -0 0] [0 0 0 1] ",
        "cam02": "[-0.04768 0 0.998863 0] [0.998863 0 0.04768 0] [-0 -1 -0 0] [0 0 0 1] ",
        "cam03": "[0 -0.023847 0.999716 0] [1 0 0 0] [-0 -0.999716 -0.023847 0] [0 0 0 1] ",
        "cam04": "[0 0.023847 0.999716 0] [1 0 0 0] [-0 -0.999716 0.023847 0] [0 0 0 1] ",
        "cam05": "[0 0 1 0] [1 0 0 0] [-0 -1 -0 0] [0 0 27.33 1] ",
        "cam06": "[0 0 1 0] [1 0 0 0] [-0 -1 -0 0] [0 0 -27.33 1] ",
        "cam07": "[0 0.034142 0.999417 0] [1 0 0 0] [-0 -0.999417 0.034142 0] [0 -13.665 0 1] ",
        "cam08": "[0 -0.034142 0.999417 0] [1 0 0 0] [-0 -0.999417 -0.034142 0] [0 13.665 0 1] ",
        "cam09": "[0.069429 0 0.997587 0] [0.997587 0 -0.069429 0] [-0 -1 -0 0] [-27.33 0 7.32 1] ",
        "cam10": "[-0.069429 0 0.997587 0] [0.997587 0 0.069429 0] [-0 -1 -0 0] [27.33 0 7.32 1] ",
        "cam11": "[-0.013697 0.000011 0.999906 0] [0.999905 -0.001659 0.013697 0] [-0.001659 -0.999999 -0.000012 0] [0 0 0 1] "
    },
    "frame12": {
        "cam01": "[0.052011 0 0.998647 0] [0.998647 0 -0.052011 0] [-0 -1 -0 0] [0 0 0 1] ",
        "cam02": "[-0.052011 0 0.998647 0] [0.998647 0 0.052011 0] [-0 -1 -0 0] [0 0 0 1] ",
        "cam03": "[0 -0.026014 0.999662 0] [1 0 0 0] [-0 -0.999662 -0.026014 0] [0 0 0 1] ",
        "cam04": "[0 0.026014 0.999662 0] [1 0 0 0] [-0 -0.999662 0.026014 0] [0 0 0 1] ",
        "cam05": "[0 0 1 0] [1 0 0 0] [-0 -1 -0 0] [0 0 29.809999 1] ",
        "cam06": "[0 0 1 0] [1 0 0 0] [-0 -1 -0 0] [0 0 -29.809999 1] ",
        "cam07": "[0 0.037241 0.999306 0] [1 0 0 0] [-0 -0.999306 0.037241 0] [0 -14.907 0 1] ",
        "cam08": "[0 -0.037241 0.999306 0] [1 0 0 0] [-0 -0.999306 -0.037241 0] [0 14.907 0 1] ",
        "cam09": "[0.075834 0 0.99712 0] [0.99712 0 -0.075834 0] [-0 -1 -0 0] [-29.809999 0 7.99 1] ",
        "cam10": "[-0.075834 0 0.99712 0] [0.99712 0 0.075834 0] [-0 -1 -0 0] [29.809999 0 7.99 1] ",
        "cam11": "[-0.01528 0.000014 0.999883 0] [0.999882 -0.001851 0.01528 0] [-0.001851 -0.999998 -0.000014 0] [0 0 0 1] "
    },
    "frame13": {
        "cam01": "[0.056341 0 0.998412 0] [0.998412 0 -0.056341 0] [-0 -1 -0 0] [0 0 0 1] ",
        "cam02": "[-0.056341 0 0.998412 0] [0.998412 0 0.056341 0] [-0 -1 -0 0] [0 0 0 1] ",
        "cam03": "[-0 -0.028182 0.999603 0] [1 0 0 0] [0 -0.999603 -0.028182 0] [0 0 0 1] ",
        "cam04": "[0 0.028182 0.999603 0] [1 0 0 0] [-0 -0.999603 0.028182 0] [0 0 0 1] ",
        "cam05": "[0 0 1 0] [1 0 0 0] [-0 -1 -0 0] [0 0 32.300003 1] ",
        "cam06": "[0 0 1 0] [1 0 0 0] [-0 -1 -0 0] [0 0 -32.300003 1] ",
        "cam07": "[0 0.04034 0.999186 0] [1 0 0 0] [-0 -0.999186 0.04034 0] [0 -16.149 0 1] ",
        "cam08": "[0 -0.04034 0.999186 0] [1 0 0 0] [-0 -0.999186 -0.04034 0] [0 16.149 0 1] ",
        "cam09": "[0.082251 0 0.996612 0] [0.996612 0 -0.082251 0] [-0 -1 -0 0] [-32.300003 0 8.65 1] ",
        "cam10": "[-0.082251 0 0.996612 0] [0.996612 0 0.082251 0] [-0 -1 -0 0] [32.300003 0 8.65 1] ",
        "cam11": "[-0.01693 0.000017 0.999857 0] [0.999855 -0.002051 0.016931 0] [-0.002051 -0.999998 -0.000017 0] [0 0 0 1] "
    },
    "frame14": {
        "cam01": "[0.06067 0 0.998158 0] [0.998158 0 -0.06067 0] [-0 -1 -0 0] [0 0 0 1] ",
        "cam02": "[-0.06067 0 0.998158 0] [0.998158 0 0.06067 0] [-0 -1 -0 0] [0 0 0 1] ",
        "cam03": "[0 -0.030349 0.999539 0] [1 0 0 0] [-0 -0.999539 -0.030349 0] [0 0 0 1] ",
        "cam04": "[0 0.030349 0.999539 0] [1 0 0 0] [-0 -0.999539 0.030349 0] [0 0 0 1] ",
        "cam05": "[0 0 1 0] [1 0 0 0] [-0 -1 -0 0] [0 0 34.779999 1] ",
        "cam06": "[0 0 1 0] [1 0 0 0] [-0 -1 -0 0] [0 0 -34.779999 1] ",
        "cam07": "[0 0.043437 0.999056 0] [1 0 0 0] [-0 -0.999056 0.043437 0] [0 -17.391001 0 1] ",
        "cam08": "[0 -0.043437 0.999056 0] [1 0 0 0] [-0 -0.999056 -0.043437 0] [0 17.391001 0 1] ",
        "cam09": "[0.08868 0 0.99606 0] [0.99606 0 -0.08868 0] [-0 -1 -0 0] [-34.779999 0 9.32 1] ",
        "cam10": "[-0.08868 0 0.99606 0] [0.99606 0 0.08868 0] [-0 -1 -0 0] [34.779999 0 9.32 1] ",
        "cam11": "[-0.018651 0.000021 0.999827 0] [0.999824 -0.002259 0.01865 0] [-0.002259 -0.999997 -0.000021 0] [0 0 0 1] "
    },
    "frame15": {
        "cam01": "[0.064998 0 0.997885 0] [0.997885 0 -0.064998 0] [-0 -1 -0 0] [0 0 0 1] ",
        "cam02": "[-0.064998 0 0.997885 0] [0.997885 0 0.064998 0] [-0 -1 -0 0] [0 0 0 1] ",
        "cam03": "[-0 -0.032516 0.999471 0] [1 0 0 0] [0 -0.999471 -0.032516 0] [0 0 0 1] ",
        "cam04": "[0 0.032516 0.999471 0] [1 0 0 0] [-0 -0.999471 0.032516 0] [0 0 0 1] ",
        "cam05": "[0 0 1 0] [1 0 0 0] [-0 -1 -0 0] [0 0 37.27 1] ",
        "cam06": "[0 0 1 0] [1 0 0 0] [-0 -1 -0 0] [0 0 -37.27 1] ",
        "cam07": "[0 0.046533 0.998917 0] [1 0 0 0] [-0 -0.998917 0.046533 0] [0 -18.634001 0 1] ",
        "cam08": "[0 -0.046533 0.998917 0] [1 0 0 0] [-0 -0.998917 -0.046533 0] [0 18.634001 0 1] ",
        "cam09": "[0.09512 0 0.995466 0] [0.995466 0 -0.09512 0] [-0 -1 -0 0] [-37.27 0 9.99 1] ",
        "cam10": "[-0.09512 0 0.995466 0] [0.995466 0 0.09512 0] [-0 -1 -0 0] [37.27 0 9.99 1] ",
        "cam11": "[-0.020443 0.000025 0.999791 0] [0.999788 -0.002476 0.020443 0] [-0.002476 -0.999997 -0.000025 0] [0 0 0 1] "
    },
    "frame16": {
        "cam01": "[0.069324 0 0.997594 0] [0.997594 0 -0.069324 0] [-0 -1 -0 0] [0 0 0 1] ",
        "cam02": "[-0.069324 0 0.997594 0] [0.997594 0 0.069324 0] [-0 -1 -0 0] [0 0 0 1] ",
        "cam03": "[-0 -0.034683 0.999398 0] [1 0 0 0] [0 -0.999398 -0.034683 0] [0 0 0 1] ",
        "cam04": "[0 0.034683 0.999398 0] [1 0 0 0] [-0 -0.999398 0.034683 0] [0 0 0 1] ",
        "cam05": "[0 0 1 0] [1 0 0 0] [-0 -1 -0 0] [0 0 39.75 1] ",
        "cam06": "[0 0 1 0] [1 0 0 0] [-0 -1 -0 0] [0 0 -39.75 1] ",
        "cam07": "[0 0.049628 0.998768 0] [1 0 0 0] [-0 -0.998768 0.049628 0] [0 -19.875999 0 1] ",
        "cam08": "[0 -0.049628 0.998768 0] [1 0 0 0] [-0 -0.998768 -0.049628 0] [0 19.875999 0 1] ",
        "cam09": "[0.10157 0 0.994828 0] [0.994828 0 -0.10157 0] [-0 -1 -0 0] [-39.75 0 10.65 1] ",
        "cam10": "[-0.10157 0 0.994828 0] [0.994828 0 0.10157 0] [-0 -1 -0 0] [39.75 0 10.65 1] ",
        "cam11": "[-0.022312 0.00003 0.999752 0] [0.999748 -0.002703 0.022312 0] [-0.002702 -0.999996 -0.00003 0] [0 0 0 1] "
    },
    "frame17": {
        "cam01": "[0.073649 0 0.997284 0] [0.997284 0 -0.073649 0] [-0 -1 -0 0] [0 0 0 1] ",
        "cam02": "[-0.073649 0 0.997284 0] [0.997284 0 0.073649 0] [-0 -1 -0 0] [0 0 0 1] ",
        "cam03": "[0 -0.036849 0.999321 0] [1 0 0 0] [-0 -0.999321 -0.036849 0] [0 0 0 1] ",
        "cam04": "[0 0.036849 0.999321 0] [1 0 0 0] [-0 -0.999321 0.036849 0] [0 0 0 1] ",
        "cam05": "[0 0 1 0] [1 0 0 0] [-0 -1 -0 0] [0 0 42.239998 1] ",
        "cam06": "[0 0 1 0] [1 0 0 0] [-0 -1 -0 0] [0 0 -42.239998 1] ",
        "cam07": "[0 0.052722 0.998609 0] [1 0 0 0] [-0 -0.998609 0.052722 0] [0 -21.118 0 1] ",
        "cam08": "[0 -0.052722 0.998609 0] [1 0 0 0] [-0 -0.998609 -0.052722 0] [0 21.118 0 1] ",
        "cam09": "[0.108029 0 0.994148 0] [0.994148 0 -0.108029 0] [-0 -1 -0 0] [-42.239998 0 11.32 1] ",
        "cam10": "[-0.108029 0 0.994148 0] [0.994148 0 0.108029 0] [-0 -1 -0 0] [42.239998 0 11.32 1] ",
        "cam11": "[-0.024259 0.000036 0.999706 0] [0.999702 -0.002939 0.02426 0] [-0.002939 -0.999996 -0.000036 0] [0 0 0 1] "
    },
    "frame18": {
        "cam01": "[0.077973 0 0.996955 0] [0.996955 0 -0.077973 0] [-0 -1 -0 0] [0 0 0 1] ",
        "cam02": "[-0.077973 0 0.996955 0] [0.996955 0 0.077973 0] [-0 -1 -0 0] [0 0 0 1] ",
        "cam03": "[0 -0.039016 0.999239 0] [1 0 0 0] [-0 -0.999239 -0.039016 0] [0 0 0 1] ",
        "cam04": "[0 0.039016 0.999239 0] [1 0 0 0] [-0 -0.999239 0.039016 0] [0 0 0 1] ",
        "cam05": "[0 0 1 0] [1 0 0 0] [-0 -1 -0 0] [0 0 44.720001 1] ",
        "cam06": "[0 0 1 0] [1 0 0 0] [-0 -1 -0 0] [0 0 -44.720001 1] ",
        "cam07": "[0 0.055813 0.998441 0] [1 0 0 0] [-0 -0.998441 0.055813 0] [0 -22.360001 0 1] ",
        "cam08": "[0 -0.055813 0.998441 0] [1 0 0 0] [-0 -0.998441 -0.055813 0] [0 22.360001 0 1] ",
        "cam09": "[0.114496 0 0.993424 0] [0.993424 0 -0.114496 0] [-0 -1 -0 0] [-44.720001 0 11.98 1] ",
        "cam10": "[-0.114496 0 0.993424 0] [0.993424 0 0.114496 0] [-0 -1 -0 0] [44.720001 0 11.98 1] ",
        "cam11": "[-0.026289 0.000042 0.999654 0] [0.999649 -0.003184 0.026289 0] [-0.003184 -0.999995 -0.000041 0] [0 0 0 1] "
    },
    "frame19": {
        "cam01": "[0.082295 0 0.996608 0] [0.996608 0 -0.082295 0] [-0 -1 -0 0] [0 0 0 1] ",
        "cam02": "[-0.082295 0 0.996608 0] [0.996608 0 0.082295 0] [-0 -1 -0 0] [0 0 0 1] ",
        "cam03": "[-0 -0.041182 0.999152 0] [1 0 0 0] [0 -0.999152 -0.041182 0] [0 0 0 1] ",
        "cam04": "[0 0.041182 0.999152 0] [1 0 0 0] [-0 -0.999152 0.041182 0] [0 0 0 1] ",
        "cam05": "[0 0 1 0] [1 0 0 0] [-0 -1 -0 0] [0 0 47.200001 1] ",
        "cam06": "[0 0 1 0] [1 0 0 0] [-0 -1 -0 0] [0 0 -47.200001 1] ",
        "cam07": "[0 0.058904 0.998264 0] [1 0 0 0] [-0 -0.998264 0.058904 0] [0 -23.601999 0 1] ",
        "cam08": "[0 -0.058904 0.998264 0] [1 0 0 0] [-0 -0.998264 -0.058904 0] [0 23.601999 0 1] ",
        "cam09": "[0.120971 0 0.992656 0] [0.992656 0 -0.120971 0] [-0 -1 -0 0] [-47.200001 0 12.65 1] ",
        "cam10": "[-0.120971 0 0.992656 0] [0.992656 0 0.120971 0] [-0 -1 -0 0] [47.200001 0 12.65 1] ",
        "cam11": "[-0.028405 0.000049 0.999597 0] [0.999591 -0.003441 0.028405 0] [-0.003441 -0.999994 -0.000049 0] [0 0 0 1] "
    },
    "frame20": {
        "cam01": "[0.086616 0 0.996242 0] [0.996242 0 -0.086616 0] [-0 -1 -0 0] [0 0 0 1] ",
        "cam02": "[-0.086616 0 0.996242 0] [0.996242 0 0.086616 0] [-0 -1 -0 0] [0 0 0 1] ",
        "cam03": "[0 -0.043349 0.99906 0] [1 0 0 0] [-0 -0.99906 -0.043349 0] [0 0 0 1] ",
        "cam04": "[0 0.043349 0.99906 0] [1 0 0 0] [-0 -0.99906 0.043349 0] [0 0 0 1] ",
        "cam05": "[0 0 1 0] [1 0 0 0] [-0 -1 -0 0] [0 0 49.689999 1] ",
        "cam06": "[0 0 1 0] [1 0 0 0] [-0 -1 -0 0] [0 0 -49.689999 1] ",
        "cam07": "[0 0.061992 0.998077 0] [1 0 0 0] [-0 -0.998077 0.061992 0] [0 -24.844999 0 1] ",
        "cam08": "[0 -0.061992 0.998077 0] [1 0 0 0] [-0 -0.998077 -0.061992 0] [0 24.844999 0 1] ",
        "cam09": "[0.127453 0 0.991845 0] [0.991845 0 -0.127453 0] [-0 -1 -0 0] [-49.689999 0 13.31 1] ",
        "cam10": "[-0.127453 0 0.991845 0] [0.991845 0 0.127453 0] [-0 -1 -0 0] [49.689999 0 13.31 1] ",
        "cam11": "[-0.03061 0.000057 0.999532 0] [0.999525 -0.003708 0.030609 0] [-0.003708 -0.999993 -0.000057 0] [0 0 0 1] "
    },
    "frame21": {
        "cam01": "[0.090935 0 0.995857 0] [0.995857 0 -0.090935 0] [-0 -1 -0 0] [0 0 0 1] ",
        "cam02": "[-0.090935 0 0.995857 0] [0.995857 0 0.090935 0] [-0 -1 -0 0] [0 0 0 1] ",
        "cam03": "[0 -0.045515 0.998964 0] [1 0 0 0] [-0 -0.998964 -0.045515 0] [0 0 0 1] ",
        "cam04": "[0 0.045515 0.998964 0] [1 0 0 0] [-0 -0.998964 0.045515 0] [0 0 0 1] ",
        "cam05": "[0 0 1 0] [1 0 0 0] [-0 -1 -0 0] [0 0 52.170002 1] ",
        "cam06": "[0 0 1 0] [1 0 0 0] [-0 -1 -0 0] [0 0 -52.170002 1] ",
        "cam07": "[0 0.065079 0.99788 0] [1 0 0 0] [-0 -0.99788 0.065079 0] [0 -26.087002 0 1] ",
        "cam08": "[0 -0.065079 0.99788 0] [1 0 0 0] [-0 -0.99788 -0.065079 0] [0 26.087002 0 1] ",
        "cam09": "[0.133941 0 0.990989 0] [0.990989 0 -0.133941 0] [-0 -1 -0 0] [-52.170002 0 13.98 1] ",
        "cam10": "[-0.133941 0 0.990989 0] [0.990989 0 0.133941 0] [-0 -1 -0 0] [52.170002 0 13.98 1] ",
        "cam11": "[-0.032909 0.000066 0.999458 0] [0.999451 -0.003986 0.032908 0] [-0.003986 -0.999992 -0.000066 0] [0 0 0 1] "
    },
    "frame22": {
        "cam01": "[0.095252 0 0.995453 0] [0.995453 0 -0.095252 0] [-0 -1 -0 0] [0 0 0 1] ",
        "cam02": "[-0.095252 0 0.995453 0] [0.995453 0 0.095252 0] [-0 -1 -0 0] [0 0 0 1] ",
        "cam03": "[0 -0.04768 0.998863 0] [1 0 0 0] [-0 -0.998863 -0.04768 0] [0 0 0 1] ",
        "cam04": "[0 0.04768 0.998863 0] [1 0 0 0] [-0 -0.998863 0.04768 0] [0 0 0 1] ",
        "cam05": "[0 0 1 0] [1 0 0 0] [-0 -1 -0 0] [0 0 54.66 1] ",
        "cam06": "[0 0 1 0] [1 0 0 0] [-0 -1 -0 0] [0 0 -54.66 1] ",
        "cam07": "[0 0.068164 0.997674 0] [1 0 0 0] [-0 -0.997674 0.068164 0] [0 -27.329 0 1] ",
        "cam08": "[0 -0.068164 0.997674 0] [1 0 0 0] [-0 -0.997674 -0.068164 0] [0 27.329 0 1] ",
        "cam09": "[0.140434 0 0.99009 0] [0.99009 0 -0.140434 0] [-0 -1 -0 0] [-54.66 0 14.650001 1] ",
        "cam10": "[-0.140434 0 0.99009 0] [0.99009 0 0.140434 0] [-0 -1 -0 0] [54.66 0 14.650001 1] ",
        "cam11": "[-0.035304 0.000076 0.999376 0] [0.999368 -0.004276 0.035304 0] [-0.004276 -0.999991 -0.000075 0] [0 0 0 1] "
    },
    "frame23": {
        "cam01": "[0.099568 0 0.995031 0] [0.995031 0 -0.099568 0] [-0 -1 -0 0] [0 0 0 1] ",
        "cam02": "[-0.099568 0 0.995031 0] [0.995031 0 0.099568 0] [-0 -1 -0 0] [0 0 0 1] ",
        "cam03": "[0 -0.049846 0.998757 0] [1 0 0 0] [-0 -0.998757 -0.049846 0] [0 0 0 1] ",
        "cam04": "[0 0.049846 0.998757 0] [1 0 -0 0] [0 -0.998757 0.049846 0] [0 0 0 1] ",
        "cam05": "[0 0 1 0] [1 0 0 0] [-0 -1 -0 0] [0 0 57.139999 1] ",
        "cam06": "[0 0 1 0] [1 0 0 0] [-0 -1 -0 0] [0 0 -57.139999 1] ",
        "cam07": "[0 0.071247 0.997459 0] [1 0 0 0] [-0 -0.997459 0.071247 0] [0 -28.571001 0 1] ",
        "cam08": "[0 -0.071247 0.997459 0] [1 0 0 0] [-0 -0.997459 -0.071247 0] [0 28.571001 0 1] ",
        "cam09": "[0.146931 0 0.989147 0] [0.989147 0 -0.146931 0] [-0 -1 -0 0] [-57.139999 0 15.309999 1] ",
        "cam10": "[-0.146931 0 0.989147 0] [0.989147 0 0.146931 0] [-0 -1 -0 0] [57.139999 0 15.309999 1] ",
        "cam11": "[-0.0378 0.000087 0.999285 0] [0.999276 -0.004579 0.0378 0] [-0.004579 -0.99999 -0.000086 0] [0 0 0 1] "
    },
    "frame24": {
        "cam01": "[0.103882 0 0.99459 0] [0.99459 0 -0.103882 0] [-0 -1 -0 0] [0 0 0 1] ",
        "cam02": "[-0.103882 0 0.99459 0] [0.99459 0 0.103882 0] [-0 -1 -0 0] [0 0 0 1] ",
        "cam03": "[0 -0.052011 0.998647 0] [1 0 0 0] [-0 -0.998647 -0.052011 0] [0 0 0 1] ",
        "cam04": "[0 0.052011 0.998647 0] [1 0 0 0] [-0 -0.998647 0.052011 0] [0 0 0 1] ",
        "cam05": "[0 0 1 0] [1 0 0 0] [-0 -1 -0 0] [0 0 59.630001 1] ",
        "cam06": "[0 0 1 0] [1 0 0 0] [-0 -1 -0 0] [0 0 -59.630001 1] ",
        "cam07": "[0 0.074328 0.997234 0] [1 0 0 0] [-0 -0.997234 0.074328 0] [0 -29.813999 0 1] ",
        "cam08": "[0 -0.074328 0.997234 0] [1 0 0 0] [-0 -0.997234 -0.074328 0] [0 29.813999 0 1] ",
        "cam09": "[0.153432 0 0.988159 0] [0.988159 0 -0.153432 0] [-0 -1 -0 0] [-59.630001 0 15.98 1] ",
        "cam10": "[-0.153432 0 0.988159 0] [0.988159 0 0.153432 0] [-0 -1 -0 0] [59.630001 0 15.98 1] ",
        "cam11": "[-0.040403 0.000099 0.999183 0] [0.999172 -0.004894 0.040403 0] [-0.004894 -0.999988 -0.000098 0] [0 0 0 1] "
    },
    "frame25": {
        "cam01": "[0.108193 0 0.99413 0] [0.99413 0 -0.108193 0] [-0 -1 -0 0] [0 0 0 1] ",
        "cam02": "[-0.108193 0 0.99413 0] [0.99413 0 0.108193 0] [-0 -1 -0 0] [0 0 0 1] ",
        "cam03": "[-0 -0.054176 0.998531 0] [1 0 0 0] [0 -0.998531 -0.054176 0] [0 0 0 1] ",
        "cam04": "[0 0.054176 0.998531 0] [1 0 0 0] [-0 -0.998531 0.054176 0] [0 0 0 1] ",
        "cam05": "[0 0 1 0] [1 0 0 0] [-0 -1 -0 0] [0 0 62.110001 1] ",
        "cam06": "[0 0 1 0] [1 0 0 0] [-0 -1 -0 0] [0 0 -62.110001 1] ",
        "cam07": "[0 0.077407 0.997 0] [1 0 0 0] [-0 -0.997 0.077407 0] [0 -31.056 0 1] ",
        "cam08": "[0 -0.077407 0.997 0] [1 0 0 0] [-0 -0.997 -0.077407 0] [0 31.056 0 1] ",
        "cam09": "[0.159935 0 0.987128 0] [0.987128 0 -0.159935 0] [-0 -1 -0 0] [-62.110001 0 16.639999 1] ",
        "cam10": "[-0.159935 0 0.987128 0] [0.987128 0 0.159935 0] [-0 -1 -0 0] [62.110001 0 16.639999 1] ",
        "cam11": "[-0.043115 0.000113 0.999071 0] [0.999057 -0.005223 0.043115 0] [-0.005222 -0.999986 -0.000112 0] [0 0 0 1] "
    },
    "frame26": {
        "cam01": "[0.112503 0 0.993651 0] [0.993651 0 -0.112503 0] [-0 -1 -0 0] [0 0 0 1] ",
        "cam02": "[-0.112503 0 0.993651 0] [0.993651 0 0.112503 0] [-0 -1 -0 0] [0 0 0 1] ",
        "cam03": "[0 -0.056341 0.998412 0] [1 0 0 0] [-0 -0.998412 -0.056341 0] [0 0 0 1] ",
        "cam04": "[0 0.056341 0.998412 0] [1 0 0 0] [-0 -0.998412 0.056341 0] [0 0 0 1] ",
        "cam05": "[0 0 1 0] [1 0 0 0] [-0 -1 -0 0] [0 0 64.600006 1] ",
        "cam06": "[0 0 1 0] [1 0 0 0] [-0 -1 -0 0] [0 0 -64.600006 1] ",
        "cam07": "[0 0.080483 0.996756 0] [1 0 0 0] [-0 -0.996756 0.080483 0] [0 -32.298 0 1] ",
        "cam08": "[0 -0.080483 0.996756 0] [1 0 0 0] [-0 -0.996756 -0.080483 0] [0 32.298 0 1] ",
        "cam09": "[0.16644 0 0.986052 0] [0.986052 0 -0.16644 0] [-0 -1 -0 0] [-64.600006 0 17.309999 1] ",
        "cam10": "[-0.16644 0 0.986052 0] [0.986052 0 0.16644 0] [-0 -1 -0 0] [64.600006 0 17.309999 1] ",
        "cam11": "[-0.045942 0.000128 0.998945 0] [0.998929 -0.005565 0.045942 0] [-0.005565 -0.999985 -0.000127 0] [0 0 0 1] "
    },
    "frame27": {
        "cam01": "[0.116811 0 0.993154 0] [0.993154 0 -0.116811 0] [-0 -1 -0 0] [0 0 0 1] ",
        "cam02": "[-0.116811 0 0.993154 0] [0.993154 0 0.116811 0] [-0 -1 -0 0] [0 0 0 1] ",
        "cam03": "[0 -0.058506 0.998287 0] [1 0 0 0] [-0 -0.998287 -0.058506 0] [0 0 0 1] ",
        "cam04": "[0 0.058506 0.998287 0] [1 0 -0 0] [0 -0.998287 0.058506 0] [0 0 0 1] ",
        "cam05": "[0 0 1 0] [1 0 0 0] [-0 -1 -0 0] [0 0 67.079994 1] ",
        "cam06": "[0 0 1 0] [1 0 0 0] [-0 -1 -0 0] [0 0 -67.079994 1] ",
        "cam07": "[0 0.083558 0.996503 0] [1 0 0 0] [-0 -0.996503 0.083558 0] [0 -33.539997 0 1] ",
        "cam08": "[0 -0.083558 0.996503 0] [1 0 0 0] [-0 -0.996503 -0.083558 0] [0 33.539997 0 1] ",
        "cam09": "[0.172946 0 0.984931 0] [0.984931 0 -0.172946 0] [-0 -1 -0 0] [-67.079994 0 17.969999 1] ",
        "cam10": "[-0.172946 0 0.984931 0] [0.984931 0 0.172946 0] [-0 -1 -0 0] [67.079994 0 17.969999 1] ",
        "cam11": "[-0.048887 0.000145 0.998804 0] [0.998787 -0.005922 0.048887 0] [-0.005922 -0.999982 -0.000145 0] [0 0 0 1] "
    },
    "frame28": {
        "cam01": "[0.121116 0 0.992638 0] [0.992638 0 -0.121116 0] [-0 -1 -0 0] [0 0 0 1] ",
        "cam02": "[-0.121116 0 0.992638 0] [0.992638 0 0.121116 0] [-0 -1 -0 0] [0 0 0 1] ",
        "cam03": "[0 -0.06067 0.998158 0] [1 0 0 0] [-0 -0.998158 -0.06067 0] [0 0 0 1] ",
        "cam04": "[0 0.06067 0.998158 0] [1 0 0 0] [-0 -0.998158 0.06067 0] [0 0 0 1] ",
        "cam05": "[0 0 1 0] [1 0 0 0] [-0 -1 -0 0] [0 0 69.57 1] ",
        "cam06": "[0 0 1 0] [1 0 0 0] [-0 -1 -0 0] [0 0 -69.57 1] ",
        "cam07": "[0 0.08663 0.996241 0] [1 0 0 0] [-0 -0.996241 0.08663 0] [0 -34.783001 0 1] ",
        "cam08": "[0 -0.08663 0.996241 0] [1 0 0 0] [-0 -0.996241 -0.08663 0] [0 34.783001 0 1] ",
        "cam09": "[0.179452 0 0.983767 0] [0.983767 0 -0.179452 0] [-0 -1 -0 0] [-69.57 0 18.639999 1] ",
        "cam10": "[-0.179452 0 0.983767 0] [0.983767 0 0.179452 0] [-0 -1 -0 0] [69.57 0 18.639999 1] ",
        "cam11": "[-0.051958 0.000164 0.998649 0] [0.99863 -0.006294 0.051957 0] [-0.006294 -0.99998 -0.000164 0] [0 0 0 1] "
    },
    "frame29": {
        "cam01": "[0.125419 0 0.992104 0] [0.992104 0 -0.125419 0] [-0 -1 -0 0] [0 0 0 1] ",
        "cam02": "[-0.125419 0 0.992104 0] [0.992104 0 0.125419 0] [-0 -1 -0 0] [0 0 0 1] ",
        "cam03": "[0 -0.062834 0.998024 0] [1 0 0 0] [-0 -0.998024 -0.062834 0] [0 0 0 1] ",
        "cam04": "[0 0.062834 0.998024 0] [1 0 0 0] [-0 -0.998024 0.062834 0] [0 0 0 1] ",
        "cam05": "[0 0 1 0] [1 0 0 0] [-0 -1 -0 0] [0 0 72.050003 1] ",
        "cam06": "[0 0 1 0] [1 0 0 0] [-0 -1 -0 0] [0 0 -72.050003 1] ",
        "cam07": "[0 0.089699 0.995969 0] [1 0 0 0] [-0 -0.995969 0.089699 0] [0 -36.025002 0 1] ",
        "cam08": "[0 -0.089699 0.995969 0] [1 0 0 0] [-0 -0.995969 -0.089699 0] [0 36.025002 0 1] ",
        "cam09": "[0.185958 0 0.982558 0] [0.982558 0 -0.185958 0] [-0 -1 -0 0] [-72.050003 0 19.310001 1] ",
        "cam10": "[-0.185958 0 0.982558 0] [0.982558 0 0.185958 0] [-0 -1 -0 0] [72.050003 0 19.310001 1] ",
        "cam11": "[-0.055157 0.000184 0.998477 0] [0.998456 -0.006681 0.055156 0] [-0.006681 -0.999978 -0.000184 0] [0 0 0 1] "
    },
    "frame30": {
        "cam01": "[0.12972 0 0.991551 0] [0.991551 0 -0.12972 0] [-0 -1 -0 0] [0 0 0 1] ",
        "cam02": "[-0.12972 0 0.991551 0] [0.991551 0 0.12972 0] [-0 -1 -0 0] [0 0 0 1] ",
        "cam03": "[0 -0.064998 0.997885 0] [1 0 0 0] [-0 -0.997885 -0.064998 0] [0 0 0 1] ",
        "cam04": "[0 0.064998 0.997885 0] [1 0 0 0] [-0 -0.997885 0.064998 0] [0 0 0 1] ",
        "cam05": "[0 0 1 0] [1 0 0 0] [-0 -1 -0 0] [0 0 74.529999 1] ",
        "cam06": "[0 0 1 0] [1 0 0 0] [-0 -1 -0 0] [0 0 -74.529999 1] ",
        "cam07": "[0 0.092766 0.995688 0] [1 0 0 0] [-0 -0.995688 0.092766 0] [0 -37.266998 0 1] ",
        "cam08": "[0 -0.092766 0.995688 0] [1 0 0 0] [-0 -0.995688 -0.092766 0] [0 37.266998 0 1] ",
        "cam09": "[0.192461 0 0.981305 0] [0.981305 0 -0.192461 0] [-0 -1 -0 0] [-74.529999 0 19.969999 1] ",
        "cam10": "[-0.192461 0 0.981305 0] [0.981305 0 0.192461 0] [-0 -1 -0 0] [74.529999 0 19.969999 1] ",
        "cam11": "[-0.058491 0.000207 0.998288 0] [0.998263 -0.007085 0.05849 0] [-0.007085 -0.999975 -0.000207 0] [0 0 0 1] "
    },
    "frame31": {
        "cam01": "[0.134018 0 0.990979 0] [0.990979 0 -0.134018 0] [-0 -1 -0 0] [0 0 0 1] ",
        "cam02": "[-0.134018 0 0.990979 0] [0.990979 0 0.134018 0] [-0 -1 -0 0] [0 0 0 1] ",
        "cam03": "[0 -0.067161 0.997742 0] [1 0 0 0] [0 -0.997742 -0.067161 0] [0 0 0 1] ",
        "cam04": "[0 0.067161 0.997742 0] [1 0 0 0] [-0 -0.997742 0.067161 0] [0 0 0 1] ",
        "cam05": "[0 0 1 0] [1 0 0 0] [-0 -1 -0 0] [0 0 77.020004 1] ",
        "cam06": "[0 0 1 0] [1 0 0 0] [-0 -1 -0 0] [0 0 -77.020004 1] ",
        "cam07": "[0 0.09583 0.995398 0] [1 0 0 0] [-0 -0.995398 0.09583 0] [0 -38.508999 0 1] ",
        "cam08": "[0 -0.09583 0.995398 0] [1 0 0 0] [-0 -0.995398 -0.09583 0] [0 38.508999 0 1] ",
        "cam09": "[0.198962 0 0.980007 0] [0.980007 0 -0.198962 0] [-0 -1 -0 0] [-77.020004 0 20.640001 1] ",
        "cam10": "[-0.198962 0 0.980007 0] [0.980007 0 0.198962 0] [-0 -1 -0 0] [77.020004 0 20.640001 1] ",
        "cam11": "[-0.061966 0.000233 0.998078 0] [0.99805 -0.007506 0.061966 0] [-0.007506 -0.999972 -0.000232 0] [0 0 0 1] "
    },
    "frame32": {
        "cam01": "[0.138314 0 0.990388 0] [0.990388 0 -0.138314 0] [-0 -1 -0 0] [0 0 0 1] ",
        "cam02": "[-0.138314 0 0.990388 0] [0.990388 0 0.138314 0] [-0 -1 -0 0] [0 0 0 1] ",
        "cam03": "[0 -0.069324 0.997594 0] [1 0 0 0] [-0 -0.997594 -0.069324 0] [0 0 0 1] ",
        "cam04": "[0 0.069324 0.997594 0] [1 0 0 0] [-0 -0.997594 0.069324 0] [0 0 0 1] ",
        "cam05": "[0 0 1 0] [1 0 0 0] [-0 -1 -0 0] [0 0 79.5 1] ",
        "cam06": "[0 0 1 0] [1 0 0 0] [-0 -1 -0 0] [0 0 -79.5 1] ",
        "cam07": "[0 0.098892 0.995098 0] [1 0 0 0] [-0 -0.995098 0.098892 0] [0 -39.751999 0 1] ",
        "cam08": "[0 -0.098892 0.995098 0] [1 0 0 0] [-0 -0.995098 -0.098892 0] [0 39.751999 0 1] ",
        "cam09": "[0.20546 0 0.978666 0] [0.978666 0 -0.20546 0] [-0 -1 -0 0] [-79.5 0 21.299999 1] ",
        "cam10": "[-0.20546 0 0.978666 0] [0.978666 0 0.20546 0] [-0 -1 -0 0] [79.5 0 21.299999 1] ",
        "cam11": "[-0.065586 0.000261 0.997847 0] [0.997815 -0.007945 0.065586 0] [-0.007944 -0.999968 -0.00026 0] [0 0 0 1] "
    },
    "frame33": {
        "cam01": "[0.142607 0 0.989779 0] [0.989779 0 -0.142607 0] [-0 -1 -0 0] [0 0 0 1] ",
        "cam02": "[-0.142607 0 0.989779 0] [0.989779 0 0.142607 0] [-0 -1 -0 0] [0 0 0 1] ",
        "cam03": "[0 -0.071487 0.997442 0] [1 0 0 0] [-0 -0.997442 -0.071487 0] [0 0 0 1] ",
        "cam04": "[0 0.071487 0.997442 0] [1 0 0 0] [-0 -0.997442 0.071487 0] [0 0 0 1] ",
        "cam05": "[0 0 1 0] [1 0 0 0] [-0 -1 -0 0] [0 0 81.989998 1] ",
        "cam06": "[0 0 1 0] [1 0 0 0] [-0 -1 -0 0] [0 0 -81.989998 1] ",
        "cam07": "[0 0.10195 0.994789 0] [1 0 0 0] [-0 -0.994789 0.10195 0] [0 -40.993999 0 1] ",
        "cam08": "[0 -0.10195 0.994789 0] [1 0 0 0] [-0 -0.994789 -0.10195 0] [0 40.993999 0 1] ",
        "cam09": "[0.211953 0 0.97728 0] [0.97728 0 -0.211953 0] [-0 -1 -0 0] [-81.989998 0 21.969999 1] ",
        "cam10": "[-0.211953 0 0.97728 0] [0.97728 0 0.211953 0] [-0 -1 -0 0] [81.989998 0 21.969999 1] ",
        "cam11": "[-0.06936 0.000292 0.997591 0] [0.997557 -0.008402 0.06936 0] [-0.008401 -0.999965 -0.000291 0] [0 0 0 1] "
    },
    "frame34": {
        "cam01": "[0.146898 0 0.989152 0] [0.989152 0 -0.146898 0] [-0 -1 -0 0] [0 0 0 1] ",
        "cam02": "[-0.146898 0 0.989152 0] [0.989152 0 0.146898 0] [-0 -1 -0 0] [0 0 0 1] ",
        "cam03": "[0 -0.073649 0.997284 0] [1 0 0 0] [-0 -0.997284 -0.073649 0] [0 0 0 1] ",
        "cam04": "[0 0.073649 0.997284 0] [1 0 0 0] [-0 -0.997284 0.073649 0] [0 0 0 1] ",
        "cam05": "[0 0 1 0] [1 0 0 0] [-0 -1 -0 0] [0 0 84.470001 1] ",
        "cam06": "[0 0 1 0] [1 0 0 0] [-0 -1 -0 0] [0 0 -84.470001 1] ",
        "cam07": "[0 0.105006 0.994472 0] [1 0 0 0] [-0 -0.994472 0.105006 0] [0 -42.236 0 1] ",
        "cam08": "[0 -0.105006 0.994472 0] [1 0 0 0] [-0 -0.994472 -0.105006 0] [0 42.236 0 1] ",
        "cam09": "[0.218441 0 0.97585 0] [0.97585 0 -0.218441 0] [-0 -1 -0 0] [-84.470001 0 22.630001 1] ",
        "cam10": "[-0.218441 0 0.97585 0] [0.97585 0 0.218441 0] [-0 -1 -0 0] [84.470001 0 22.630001 1] ",
        "cam11": "[-0.073292 0.000326 0.997311 0] [0.997272 -0.008878 0.073292 0] [-0.008878 -0.999961 -0.000326 0] [0 0 0 1] "
    },
    "frame35": {
        "cam01": "[0.151186 0 0.988505 0] [0.988505 0 -0.151186 0] [-0 -1 -0 0] [0 0 0 1] ",
        "cam02": "[-0.151186 0 0.988505 0] [0.988505 0 0.151186 0] [-0 -1 -0 0] [0 0 0 1] ",
        "cam03": "[0 -0.075811 0.997122 0] [1 0 0 0] [-0 -0.997122 -0.075811 0] [0 0 0 1] ",
        "cam04": "[0 0.075811 0.997122 0] [1 0 0 0] [-0 -0.997122 0.075811 0] [0 0 0 1] ",
        "cam05": "[0 0 1 0] [1 0 0 0] [-0 -1 -0 0] [0 0 86.959999 1] ",
        "cam06": "[0 0 1 0] [1 0 0 0] [-0 -1 -0 0] [0 0 -86.959999 1] ",
        "cam07": "[0 0.108059 0.994144 0] [1 0 0 0] [-0 -0.994144 0.108059 0] [0 -43.478001 0 1] ",
        "cam08": "[0 -0.108059 0.994144 0] [1 0 0 0] [-0 -0.994144 -0.108059 0] [0 43.478001 0 1] ",
        "cam09": "[0.224923 0 0.974377 0] [0.974377 0 -0.224923 0] [-0 -1 -0 0] [-86.959999 0 23.299999 1] ",
        "cam10": "[-0.224923 0 0.974377 0] [0.974377 0 0.224923 0] [-0 -1 -0 0] [86.959999 0 23.299999 1] ",
        "cam11": "[-0.077389 0.000363 0.997001 0] [0.996957 -0.009374 0.07739 0] [-0.009374 -0.999956 -0.000363 0] [0 0 0 1] "
    },
    "frame36": {
        "cam01": "[0.155471 0 0.98784 0] [0.98784 0 -0.155471 0] [-0 -1 -0 0] [0 0 0 1] ",
        "cam02": "[-0.155471 0 0.98784 0] [0.98784 0 0.155471 0] [-0 -1 -0 0] [0 0 0 1] ",
        "cam03": "[0 -0.077973 0.996955 0] [1 0 0 0] [0 -0.996955 -0.077973 0] [0 0 0 1] ",
        "cam04": "[0 0.077973 0.996955 0] [1 0 0 0] [-0 -0.996955 0.077973 0] [0 0 0 1] ",
        "cam05": "[0 0 1 0] [1 0 0 0] [-0 -1 -0 0] [0 0 89.440002 1] ",
        "cam06": "[0 0 1 0] [1 0 0 0] [-0 -1 -0 0] [0 0 -89.440002 1] ",
        "cam07": "[0 0.111109 0.993808 0] [1 0 0 0] [-0 -0.993808 0.111109 0] [0 -44.720001 0 1] ",
        "cam08": "[0 -0.111109 0.993808 0] [1 0 0 0] [-0 -0.993808 -0.111109 0] [0 44.720001 0 1] ",
        "cam09": "[0.231398 0 0.972859 0] [0.972859 0 -0.231398 0] [-0 -1 -0 0] [-89.440002 0 23.970001 1] ",
        "cam10": "[-0.231398 0 0.972859 0] [0.972859 0 0.231398 0] [-0 -1 -0 0] [89.440002 0 23.970001 1] ",
        "cam11": "[-0.081659 0.000405 0.996661 0] [0.996611 -0.009891 0.081658 0] [-0.009891 -0.999951 -0.000404 0] [0 0 0 1] "
    },
    "frame37": {
        "cam01": "[0.159753 0 0.987157 0] [0.987157 0 -0.159753 0] [-0 -1 -0 0] [0 0 0 1] ",
        "cam02": "[-0.159753 0 0.987157 0] [0.987157 0 0.159753 0] [-0 -1 -0 0] [0 0 0 1] ",
        "cam03": "[0 -0.080134 0.996784 0] [1 0 0 0] [-0 -0.996784 -0.080134 0] [0 0 0 1] ",
        "cam04": "[0 0.080134 0.996784 0] [1 0 0 0] [-0 -0.996784 0.080134 0] [0 0 0 1] ",
        "cam05": "[0 0 1 0] [1 0 0 0] [-0 -1 -0 0] [0 0 91.93 1] ",
        "cam06": "[0 0 1 0] [1 0 0 0] [-0 -1 -0 0] [0 0 -91.93 1] ",
        "cam07": "[0 0.114156 0.993463 0] [1 0 0 0] [-0 -0.993463 0.114156 0] [0 -45.963001 0 1] ",
        "cam08": "[0 -0.114156 0.993463 0] [1 0 0 0] [-0 -0.993463 -0.114156 0] [0 45.963001 0 1] ",
        "cam09": "[0.237865 0 0.971298 0] [0.971298 0 -0.237865 0] [-0 -1 -0 0] [-91.93 0 24.629999 1] ",
        "cam10": "[-0.237865 0 0.971298 0] [0.971298 0 0.237865 0] [-0 -1 -0 0] [91.93 0 24.629999 1] ",
